s mph hp
7.68 5.93 1.04
7.69 5.94 1.04
7.70 5.97 1.03
7.71 5.98 1.03
7.72 6.02 1.01
7.73 6.03 1.01
7.74 6.06 1.00
7.75 6.07 0.99
7.76 6.10 0.98
7.77 6.11 0.98
7.78 6.15 0.96
7.79 6.16 0.95
7.80 6.19 0.94
7.81 6.20 0.93
7.82 6.24 0.91
7.83 6.25 0.91
7.84 6.28 0.89
7.85 6.29 0.89
7.86 6.33 0.86
7.87 6.34 0.86
7.88 6.37 0.84
7.89 6.38 0.84
7.90 6.41 0.82
7.91 6.42 0.81
7.92 6.45 0.79
7.94 6.46 0.78
7.95 6.47 0.76
7.96 6.48 0.74
7.98 6.49 0.72
7.99 6.50 0.70
8.01 6.51 0.68
8.02 6.52 0.66
8.03 6.53 0.64
8.05 6.54 0.62
8.06 6.55 0.60
8.08 6.56 0.58
8.09 6.57 0.56
8.10 6.58 0.54
8.12 6.59 0.52
8.13 6.60 0.51
8.15 6.61 0.49
8.16 6.62 0.48
8.17 6.63 0.47
8.19 6.64 0.46
8.20 6.65 0.45
8.22 6.66 0.44
8.23 6.67 0.44
8.24 6.68 0.43
8.26 6.69 0.43
8.27 6.70 0.43
8.28 6.71 0.42
8.30 6.72 0.42
8.31 6.73 0.42
8.33 6.74 0.42
8.34 6.75 0.41
8.35 6.76 0.41
8.37 6.77 0.41
8.38 6.78 0.40
8.40 6.79 0.40
8.42 6.80 0.39
8.44 6.81 0.39
8.46 6.82 0.38
8.48 6.83 0.38
8.50 6.84 0.37
8.52 6.85 0.37
8.54 6.86 0.36
8.56 6.87 0.36
8.59 6.88 0.35
8.61 6.89 0.35
8.63 6.90 0.35
8.65 6.91 0.34
8.67 6.92 0.34
8.69 6.93 0.34
8.71 6.94 0.34
8.73 6.95 0.34
8.75 6.96 0.34
8.78 6.97 0.33
8.80 6.98 0.33
8.82 6.99 0.33
8.84 7.00 0.33
8.86 7.01 0.33
8.88 7.02 0.33
8.91 7.03 0.33
8.93 7.04 0.32
8.96 7.05 0.32
8.98 7.06 0.32
9.01 7.07 0.32
9.03 7.08 0.32
9.06 7.09 0.31
9.08 7.10 0.30
9.11 7.11 0.29
9.13 7.12 0.28
9.16 7.13 0.26
9.18 7.14 0.25
9.20 7.15 0.23
9.23 7.16 0.21
9.25 7.17 0.19
9.28 7.18 0.17
9.41 7.17 0.07
9.45 7.16 0.03
9.49 7.15 0.00
9.54 7.14 -0.02
9.58 7.13 -0.05
9.62 7.12 -0.07
9.66 7.11 -0.08
9.71 7.10 -0.10
9.75 7.09 -0.12
9.77 7.08 -0.13
9.79 7.07 -0.13
9.81 7.06 -0.14
9.82 7.05 -0.15
9.84 7.04 -0.15
9.86 7.03 -0.16
9.88 7.02 -0.17
9.89 7.01 -0.17
9.91 7.00 -0.18
9.93 6.99 -0.19
9.95 6.98 -0.19
9.96 6.97 -0.20
9.98 6.96 -0.20
10.00 6.95 -0.20
10.02 6.94 -0.20
10.04 6.93 -0.21
10.05 6.92 -0.21
10.07 6.91 -0.21
10.09 6.90 -0.21
10.11 6.89 -0.21
10.12 6.88 -0.21
10.14 6.87 -0.21
10.16 6.86 -0.21
10.18 6.85 -0.21
10.19 6.84 -0.21
10.21 6.83 -0.21
10.23 6.82 -0.20
10.25 6.81 -0.20
10.26 6.80 -0.20
10.28 6.79 -0.20
10.30 6.78 -0.20
10.32 6.77 -0.20
10.33 6.76 -0.20
10.35 6.75 -0.20
10.37 6.74 -0.20
10.38 6.73 -0.20
10.40 6.72 -0.20
10.42 6.71 -0.20
10.44 6.70 -0.20
10.45 6.69 -0.20
10.47 6.68 -0.20
10.49 6.67 -0.20
10.51 6.66 -0.20
10.52 6.65 -0.20
10.54 6.64 -0.20
10.56 6.63 -0.20
10.58 6.62 -0.20
10.59 6.61 -0.20
10.61 6.60 -0.20
10.63 6.59 -0.20
10.65 6.58 -0.19
10.66 6.57 -0.19
10.68 6.56 -0.19
10.70 6.55 -0.19
10.72 6.54 -0.19
10.73 6.53 -0.19
10.75 6.52 -0.19
10.77 6.51 -0.19
10.79 6.50 -0.19
10.81 6.49 -0.19
10.82 6.48 -0.19
10.84 6.47 -0.19
10.86 6.46 -0.19
10.88 6.45 -0.19
10.90 6.44 -0.19
10.91 6.43 -0.18
10.93 6.42 -0.18
10.95 6.41 -0.18
10.97 6.40 -0.18
10.99 6.39 -0.18
11.01 6.38 -0.18
11.02 6.37 -0.18
11.04 6.36 -0.18
11.06 6.35 -0.18
11.08 6.34 -0.18
11.10 6.33 -0.18
11.11 6.32 -0.18
11.13 6.31 -0.18
11.15 6.30 -0.18
11.17 6.29 -0.18
11.19 6.28 -0.18
11.20 6.27 -0.18
11.22 6.26 -0.18
11.24 6.25 -0.18
11.26 6.24 -0.18
11.28 6.23 -0.18
11.30 6.22 -0.18
11.31 6.21 -0.18
11.33 6.20 -0.18
11.35 6.19 -0.18
11.37 6.18 -0.18
11.39 6.17 -0.18
11.41 6.16 -0.17
11.42 6.15 -0.17
11.44 6.14 -0.17
11.46 6.13 -0.17
11.48 6.12 -0.17
11.50 6.11 -0.17
11.51 6.10 -0.17
11.53 6.09 -0.17
11.55 6.08 -0.17
11.57 6.07 -0.17
11.59 6.06 -0.17
11.61 6.05 -0.17
11.62 6.04 -0.17
11.64 6.03 -0.17
11.66 6.02 -0.17
11.68 6.01 -0.17
11.70 6.00 -0.17
11.72 5.99 -0.16
11.73 5.98 -0.16
11.75 5.97 -0.16
11.77 5.96 -0.16
11.79 5.95 -0.16
11.81 5.94 -0.16
11.83 5.93 -0.16
11.85 5.92 -0.16
11.87 5.91 -0.16
11.89 5.90 -0.16
11.91 5.89 -0.16
11.92 5.88 -0.16
11.94 5.87 -0.16
11.96 5.86 -0.16
11.98 5.85 -0.16
12.00 5.84 -0.16
12.02 5.83 -0.16
12.04 5.82 -0.16
12.06 5.81 -0.15
12.08 5.80 -0.15
12.10 5.79 -0.15
12.11 5.78 -0.15
12.13 5.77 -0.15
12.15 5.76 -0.15
12.17 5.75 -0.15
12.19 5.74 -0.15
12.21 5.73 -0.15
12.23 5.72 -0.15
12.25 5.71 -0.15
12.27 5.70 -0.15
12.29 5.69 -0.15
12.30 5.68 -0.15
12.32 5.67 -0.15
12.34 5.66 -0.15
12.36 5.65 -0.15
12.38 5.64 -0.15
12.40 5.63 -0.15
12.42 5.62 -0.15
12.44 5.61 -0.15
12.46 5.60 -0.15
12.48 5.59 -0.15
12.50 5.58 -0.15
12.52 5.57 -0.15
12.54 5.56 -0.14
12.56 5.55 -0.14
12.58 5.54 -0.14
12.59 5.53 -0.14
12.61 5.52 -0.14
12.63 5.51 -0.14
12.65 5.50 -0.14
12.67 5.49 -0.14
12.69 5.48 -0.14
12.71 5.47 -0.14
12.73 5.46 -0.14
12.75 5.45 -0.14
12.77 5.44 -0.14
12.79 5.43 -0.14
12.81 5.42 -0.14
12.83 5.41 -0.14
12.85 5.40 -0.14
12.87 5.39 -0.13
12.89 5.38 -0.13
12.91 5.37 -0.13
12.93 5.36 -0.13
12.95 5.35 -0.13
12.97 5.34 -0.13
12.99 5.33 -0.13
13.01 5.32 -0.13
13.03 5.31 -0.13
13.05 5.30 -0.13
13.07 5.29 -0.13
13.09 5.28 -0.13
13.11 5.27 -0.13
13.13 5.26 -0.12
13.15 5.25 -0.12
13.17 5.24 -0.12
13.19 5.23 -0.12
13.21 5.22 -0.12
13.23 5.21 -0.12
13.25 5.20 -0.11
13.27 5.19 -0.11
13.30 5.18 -0.11
13.32 5.17 -0.11
13.34 5.16 -0.10
13.36 5.15 -0.10
13.38 5.14 -0.10
13.40 5.13 -0.10
13.42 5.12 -0.10
13.44 5.11 -0.09
13.47 5.10 -0.09
13.50 5.09 -0.09
13.53 5.08 -0.09
13.56 5.07 -0.08
13.59 5.06 -0.08
13.61 5.05 -0.08
13.64 5.04 -0.08
13.67 5.03 -0.07
13.70 5.02 -0.07
13.73 5.01 -0.06
13.76 5.00 -0.05
13.79 4.99 -0.04
13.82 4.98 -0.03
13.84 4.97 -0.01
13.87 4.96 0.00
13.90 4.95 0.02
13.93 4.94 0.03
13.96 4.93 0.05
13.99 4.92 0.06
14.02 4.91 0.08
14.05 4.90 0.09
14.12 4.92 0.13
14.13 4.93 0.14
14.15 4.94 0.15
14.17 4.95 0.16
14.19 4.96 0.17
14.21 4.97 0.18
14.22 4.98 0.19
14.24 4.99 0.20
14.26 5.00 0.21
14.28 5.01 0.22
14.30 5.02 0.23
14.31 5.03 0.24
14.33 5.04 0.25
14.35 5.05 0.26
14.37 5.06 0.26
14.39 5.07 0.27
14.40 5.08 0.28
14.42 5.09 0.29
14.44 5.10 0.29
14.46 5.11 0.30
14.48 5.12 0.30
14.49 5.13 0.31
14.51 5.14 0.31
14.53 5.15 0.32
14.55 5.16 0.32
14.56 5.17 0.33
14.58 5.18 0.33
14.60 5.19 0.34
14.62 5.20 0.34
14.64 5.21 0.35
14.65 5.22 0.35
14.67 5.23 0.36
14.69 5.24 0.36
14.70 5.25 0.36
14.71 5.26 0.37
14.73 5.27 0.37
14.74 5.28 0.37
14.75 5.29 0.38
14.76 5.30 0.38
14.77 5.31 0.38
14.78 5.32 0.39
14.79 5.33 0.39
14.80 5.34 0.39
14.81 5.35 0.40
14.82 5.36 0.40
14.84 5.37 0.40
14.85 5.38 0.41
14.86 5.39 0.41
14.87 5.40 0.41
14.88 5.41 0.42
14.89 5.42 0.42
14.90 5.43 0.42
14.91 5.44 0.43
14.92 5.45 0.43
14.93 5.46 0.43
14.95 5.47 0.44
14.96 5.48 0.44
14.97 5.49 0.44
14.98 5.50 0.45
14.99 5.51 0.45
15.00 5.52 0.45
15.01 5.53 0.45
15.02 5.54 0.45
15.03 5.55 0.46
15.04 5.56 0.46
15.06 5.57 0.46
15.07 5.58 0.46
15.08 5.59 0.46
15.09 5.60 0.46
15.10 5.61 0.46
15.11 5.62 0.46
15.12 5.63 0.46
15.13 5.64 0.46
15.14 5.65 0.47
15.15 5.66 0.47
15.17 5.67 0.47
15.18 5.68 0.47
15.19 5.69 0.47
15.20 5.70 0.47
15.21 5.71 0.47
15.22 5.72 0.47
15.23 5.73 0.47
15.24 5.74 0.47
15.25 5.75 0.47
15.26 5.76 0.47
15.27 5.77 0.47
15.29 5.78 0.48
15.30 5.79 0.48
15.31 5.80 0.48
15.32 5.81 0.48
15.33 5.82 0.48
15.34 5.83 0.48
15.35 5.84 0.48
15.36 5.85 0.48
15.37 5.86 0.48
15.39 5.87 0.48
15.40 5.88 0.48
15.41 5.89 0.48
15.42 5.90 0.48
15.43 5.91 0.48
15.44 5.92 0.49
15.45 5.93 0.49
15.46 5.94 0.49
15.47 5.95 0.49
15.49 5.96 0.49
15.50 5.97 0.49
15.51 5.98 0.49
15.52 5.99 0.49
15.53 6.00 0.49
15.54 6.01 0.49
15.55 6.02 0.49
15.56 6.03 0.50
15.57 6.04 0.50
15.58 6.05 0.50
15.60 6.06 0.50
15.61 6.07 0.50
15.62 6.08 0.50
15.63 6.09 0.50
15.64 6.10 0.51
15.65 6.11 0.51
15.66 6.12 0.51
15.67 6.13 0.51
15.68 6.14 0.51
15.70 6.15 0.51
15.71 6.16 0.52
15.72 6.17 0.52
15.73 6.18 0.52
15.74 6.19 0.52
15.75 6.20 0.52
15.76 6.21 0.52
15.77 6.22 0.53
15.78 6.23 0.53
15.80 6.24 0.53
15.81 6.25 0.53
15.82 6.26 0.53
15.83 6.27 0.53
15.84 6.28 0.54
15.85 6.29 0.54
15.86 6.30 0.54
15.87 6.31 0.54
15.88 6.32 0.54
15.89 6.33 0.54
15.90 6.34 0.55
15.91 6.35 0.55
15.92 6.36 0.55
15.93 6.37 0.55
15.94 6.38 0.55
15.95 6.39 0.55
15.96 6.40 0.55
15.97 6.41 0.55
15.98 6.42 0.56
15.99 6.43 0.56
16.00 6.44 0.56
16.01 6.45 0.57
16.02 6.46 0.57
16.03 6.47 0.57
16.04 6.48 0.58
16.05 6.49 0.59
16.06 6.50 0.59
16.07 6.51 0.60
16.08 6.52 0.61
16.09 6.53 0.62
16.10 6.54 0.64
16.11 6.55 0.65
16.12 6.56 0.66
16.13 6.57 0.68
16.14 6.58 0.69
16.15 6.59 0.70
16.16 6.60 0.72
16.17 6.61 0.73
16.18 6.62 0.75
16.19 6.63 0.77
16.21 6.64 0.78
16.22 6.65 0.80
16.23 6.66 0.81
16.24 6.67 0.83
16.25 6.68 0.84
16.26 6.69 0.86
16.27 6.70 0.88
16.28 6.71 0.89
16.29 6.72 0.91
16.30 6.73 0.92
16.30 6.74 0.93
16.31 6.75 0.94
16.32 6.78 0.96
16.32 6.79 0.97
16.34 6.83 1.00
16.35 6.84 1.01
16.36 6.88 1.04
16.37 6.89 1.05
16.38 6.92 1.07
16.39 6.93 1.08
16.40 6.97 1.11
16.41 6.98 1.12
16.42 7.01 1.14
16.43 7.02 1.15
16.44 7.06 1.18
16.45 7.07 1.19
16.46 7.10 1.22
16.46 7.11 1.22
16.48 7.15 1.26
16.49 7.16 1.27
16.50 7.20 1.31
16.51 7.21 1.32
16.52 7.24 1.35
16.53 7.25 1.36
16.54 7.29 1.41
16.55 7.30 1.42
16.56 7.33 1.46
16.57 7.34 1.48
16.58 7.38 1.53
16.59 7.39 1.55
16.60 7.42 1.59
16.60 7.43 1.61
16.62 7.47 1.67
16.63 7.48 1.68
16.64 7.52 1.75
16.65 7.53 1.76
16.66 7.56 1.81
16.67 7.57 1.83
16.68 7.61 1.90
16.69 7.62 1.91
16.70 7.65 1.96
16.71 7.66 1.98
16.72 7.70 2.05
16.73 7.71 2.07
16.74 7.74 2.12
16.74 7.75 2.13
16.76 7.83 2.21
16.76 7.84 2.22
16.78 7.92 2.30
16.78 7.93 2.31
16.80 8.01 2.39
16.80 8.02 2.40
16.82 8.10 2.48
16.82 8.11 2.49
16.84 8.19 2.58
16.84 8.20 2.59
16.86 8.29 2.68
16.86 8.30 2.70
16.88 8.38 2.78
16.88 8.39 2.79
16.90 8.47 2.88
16.90 8.48 2.89
16.92 8.56 2.98
16.92 8.57 2.99
16.94 8.65 3.07
16.94 8.66 3.08
16.96 8.74 3.17
16.96 8.75 3.18
16.98 8.83 3.26
16.98 8.84 3.27
17.00 8.92 3.35
17.00 8.93 3.36
17.02 9.01 3.44
17.02 9.02 3.45
17.04 9.10 3.53
17.04 9.11 3.54
17.06 9.19 3.63
17.06 9.20 3.64
17.08 9.28 3.72
17.08 9.29 3.73
17.10 9.37 3.82
17.10 9.38 3.83
17.12 9.47 3.92
17.12 9.48 3.93
17.14 9.59 4.03
17.14 9.60 4.04
17.16 9.71 4.14
17.16 9.72 4.15
17.18 9.83 4.25
17.18 9.84 4.26
17.20 9.95 4.37
17.20 9.96 4.38
17.22 10.06 4.47
17.22 10.07 4.48
17.24 10.18 4.58
17.24 10.19 4.59
17.26 10.30 4.68
17.26 10.31 4.69
17.28 10.42 4.78
17.28 10.43 4.79
17.30 10.54 4.86
17.30 10.55 4.87
17.32 10.66 4.94
17.32 10.67 4.95
17.34 10.77 5.01
17.34 10.78 5.01
17.36 10.89 5.08
17.36 10.90 5.08
17.38 11.01 5.14
17.38 11.02 5.14
17.40 11.13 5.20
17.40 11.14 5.20
17.42 11.25 5.26
17.42 11.26 5.26
17.44 11.37 5.32
17.44 11.38 5.32
17.46 11.49 5.38
17.46 11.50 5.38
17.48 11.61 5.44
17.48 11.62 5.44
17.50 11.73 5.50
17.50 11.74 5.50
17.52 11.85 5.56
17.52 11.86 5.56
17.54 11.97 5.62
17.54 11.98 5.62
17.56 12.09 5.68
17.56 12.10 5.68
17.58 12.21 5.74
17.58 12.22 5.74
17.60 12.33 5.79
17.60 12.34 5.80
17.62 12.45 5.85
17.62 12.46 5.85
17.64 12.57 5.90
17.64 12.58 5.91
17.66 12.69 5.96
17.66 12.70 5.96
17.68 12.81 6.01
17.68 12.82 6.01
17.70 12.93 6.06
17.70 12.94 6.07
17.72 13.05 6.12
17.72 13.06 6.12
17.74 13.17 6.17
17.74 13.18 6.17
17.76 13.28 6.22
17.76 13.29 6.22
17.78 13.40 6.28
17.78 13.41 6.28
17.80 13.52 6.34
17.80 13.53 6.34
17.82 13.64 6.40
17.82 13.65 6.40
17.84 13.76 6.46
17.84 13.77 6.47
17.86 13.88 6.53
17.86 13.89 6.53
17.88 14.00 6.60
17.88 14.01 6.60
17.90 14.12 6.67
17.90 14.13 6.67
17.92 14.24 6.74
17.92 14.25 6.74
17.94 14.36 6.81
17.94 14.37 6.81
17.96 14.48 6.88
17.96 14.49 6.89
17.98 14.60 6.96
17.98 14.61 6.96
18.00 14.73 7.04
18.00 14.74 7.05
18.02 14.85 7.13
18.02 14.86 7.13
18.04 14.97 7.22
18.04 14.98 7.22
18.06 15.09 7.31
18.06 15.10 7.32
18.08 15.21 7.41
18.08 15.22 7.42
18.10 15.34 7.53
18.10 15.35 7.54
18.12 15.46 7.64
18.12 15.47 7.65
18.14 15.58 7.76
18.14 15.59 7.77
18.16 15.71 7.88
18.16 15.72 7.89
18.18 15.84 8.01
18.18 15.85 8.02
18.20 15.98 8.15
18.20 15.99 8.16
18.22 16.11 8.30
18.22 16.12 8.31
18.24 16.24 8.45
18.24 16.25 8.47
18.26 16.37 8.62
18.26 16.38 8.64
18.28 16.50 8.81
18.28 16.51 8.82
18.30 16.64 9.02
18.30 16.65 9.04
18.32 16.77 9.23
18.32 16.78 9.25
18.34 16.90 9.44
18.34 16.91 9.46
18.36 17.06 9.68
18.36 17.07 9.69
18.38 17.21 9.90
18.38 17.22 9.92
18.40 17.36 10.12
18.40 17.37 10.14
18.42 17.51 10.34
18.42 17.52 10.36
18.44 17.67 10.57
18.44 17.68 10.59
18.46 17.82 10.79
18.46 17.83 10.80
18.48 17.97 11.00
18.48 17.98 11.01
18.50 18.13 11.22
18.50 18.14 11.23
18.52 18.28 11.43
18.52 18.29 11.44
18.54 18.45 11.65
18.54 18.46 11.66
18.56 18.61 11.86
18.56 18.62 11.87
18.58 18.78 12.09
18.58 18.79 12.11
18.60 18.95 12.33
18.60 18.96 12.35
18.62 19.12 12.58
18.62 19.13 12.60
18.64 19.28 12.83
18.64 19.29 12.84
18.66 19.45 13.09
18.66 19.46 13.11
18.68 19.62 13.36
18.68 19.63 13.38
18.70 19.80 13.64
18.70 19.81 13.65
18.72 19.98 13.91
18.72 19.99 13.92
18.74 20.16 14.18
18.74 20.17 14.20
18.76 20.35 14.47
18.76 20.36 14.48
18.78 20.53 14.74
18.78 20.54 14.76
18.80 20.71 15.02
18.80 20.72 15.03
18.82 20.90 15.30
18.82 20.91 15.32
18.84 21.08 15.58
18.84 21.09 15.59
18.86 21.28 15.86
18.86 21.29 15.87
18.88 21.47 16.12
18.88 21.48 16.13
18.90 21.67 16.39
18.90 21.68 16.40
18.92 21.87 16.65
18.92 21.88 16.66
18.94 22.06 16.89
18.94 22.07 16.90
18.96 22.26 17.14
18.96 22.27 17.15
18.98 22.46 17.38
18.98 22.47 17.39
19.00 22.66 17.60
19.00 22.67 17.61
19.02 22.86 17.82
19.02 22.87 17.83
19.04 23.06 18.03
19.04 23.07 18.05
19.06 23.26 18.24
19.06 23.27 18.25
19.08 23.46 18.45
19.08 23.47 18.46
19.10 23.67 18.66
19.10 23.68 18.67
19.12 23.87 18.86
19.12 23.88 18.87
19.14 24.07 19.05
19.14 24.08 19.06
19.16 24.28 19.25
19.16 24.29 19.26
19.18 24.48 19.43
19.18 24.49 19.44
19.20 24.69 19.63
19.20 24.70 19.64
19.22 24.89 19.81
19.22 24.90 19.82
19.24 25.10 20.00
19.24 25.11 20.01
19.26 25.30 20.19
19.26 25.31 20.20
19.28 25.51 20.39
19.28 25.52 20.40
19.30 25.71 20.59
19.30 25.72 20.60
19.32 25.92 20.81
19.32 25.93 20.82
19.34 26.13 21.04
19.34 26.14 21.05
19.36 26.33 21.27
19.36 26.34 21.28
19.38 26.54 21.54
19.38 26.55 21.55
19.40 26.75 21.82
19.40 26.76 21.83
19.42 26.96 22.12
19.42 26.97 22.14
19.44 27.17 22.45
19.44 27.18 22.47
19.46 27.38 22.80
19.46 27.39 22.82
19.48 27.60 23.20
19.48 27.61 23.22
19.50 27.81 23.59
19.50 27.82 23.61
19.52 28.03 24.00
19.52 28.04 24.02
19.54 28.26 24.44
19.54 28.27 24.46
19.56 28.48 24.87
19.56 28.49 24.89
19.58 28.71 25.32
19.58 28.72 25.34
19.60 28.93 25.75
19.60 28.94 25.77
19.62 29.16 26.19
19.62 29.17 26.21
19.64 29.40 26.63
19.64 29.41 26.65
19.66 29.63 27.05
19.66 29.64 27.07
19.68 29.87 27.49
19.68 29.88 27.51
19.70 30.11 27.92
19.70 30.12 27.94
19.72 30.34 28.33
19.72 30.35 28.35
19.74 30.59 28.76
19.74 30.60 28.78
19.76 30.83 29.17
19.76 30.84 29.19
19.78 31.08 29.58
19.78 31.09 29.60
19.80 31.32 29.96
19.80 31.33 29.97
19.82 31.57 30.32
19.82 31.58 30.33
19.84 31.82 30.63
19.84 31.83 30.64
19.86 32.07 30.89
19.86 32.08 30.90
19.88 32.32 31.10
19.88 32.33 31.10
19.90 32.57 31.24
19.90 32.58 31.24
19.92 32.82 31.32
19.92 32.83 31.32
19.94 33.07 31.33
19.94 33.08 31.33
19.96 33.31 31.30
19.96 33.32 31.29
19.98 33.55 31.21
19.98 33.56 31.20
20.00 33.79 31.09
20.00 33.80 31.08
20.02 34.03 30.93
20.02 34.04 30.93
20.04 34.26 30.77
20.04 34.27 30.76
20.06 34.49 30.59
20.06 34.50 30.58
20.08 34.72 30.42
20.08 34.73 30.41
20.10 34.94 30.26
20.10 34.95 30.25
20.12 35.16 30.11
20.12 35.17 30.10
20.14 35.38 29.96
20.14 35.39 29.96
20.16 35.59 29.84
20.16 35.60 29.83
20.18 35.81 29.72
20.18 35.82 29.71
20.20 36.02 29.61
20.20 36.03 29.61
20.22 36.23 29.51
20.22 36.24 29.50
20.24 36.44 29.41
20.24 36.45 29.41
20.26 36.65 29.32
20.26 36.66 29.32
20.28 36.85 29.24
20.28 36.86 29.23
20.30 37.05 29.15
20.30 37.06 29.15
20.32 37.25 29.07
20.32 37.26 29.06
20.34 37.45 28.99
20.34 37.46 28.98
20.36 37.65 28.91
20.36 37.66 28.91
20.38 37.85 28.84
20.38 37.86 28.83
20.40 38.04 28.77
20.40 38.05 28.77
20.42 38.23 28.70
20.42 38.24 28.70
20.44 38.42 28.64
20.44 38.43 28.63
20.46 38.61 28.56
20.46 38.62 28.56
20.48 38.80 28.47
20.48 38.81 28.47
20.50 38.99 28.36
20.50 39.00 28.35
20.52 39.18 28.23
20.52 39.19 28.22
20.54 39.36 28.07
20.54 39.37 28.06
20.56 39.54 27.88
20.56 39.55 27.87
20.58 39.72 27.66
20.58 39.73 27.64
20.60 39.90 27.41
20.60 39.91 27.40
20.62 40.07 27.16
20.62 40.08 27.15
20.64 40.24 26.89
20.64 40.25 26.87
20.66 40.41 26.62
20.66 40.42 26.60
20.68 40.58 26.36
20.68 40.59 26.35
20.70 40.74 26.13
20.70 40.75 26.11
20.72 40.90 25.91
20.72 40.91 25.90
20.74 41.06 25.72
20.74 41.07 25.71
20.76 41.22 25.55
20.76 41.23 25.54
20.78 41.38 25.41
20.78 41.39 25.40
20.80 41.53 25.29
20.80 41.54 25.28
20.82 41.69 25.18
20.82 41.70 25.17
20.84 41.84 25.09
20.84 41.85 25.08
20.86 41.99 25.00
20.86 42.00 24.99
20.88 42.14 24.91
20.88 42.15 24.90
20.90 42.29 24.82
20.90 42.30 24.82
20.92 42.44 24.73
20.92 42.45 24.73
20.94 42.58 24.65
20.94 42.59 24.64
20.96 42.73 24.56
20.96 42.74 24.55
20.98 42.88 24.47
20.98 42.89 24.46
21.00 43.02 24.38
21.00 43.03 24.38
21.02 43.16 24.30
21.02 43.17 24.29
21.04 43.30 24.22
21.04 43.31 24.21
21.06 43.44 24.14
21.06 43.45 24.13
21.08 43.59 24.06
21.08 43.60 24.05
21.10 43.72 23.99
21.10 43.73 23.98
21.12 43.86 23.91
21.12 43.87 23.91
21.14 44.00 23.84
21.14 44.01 23.83
21.16 44.13 23.77
21.16 44.14 23.76
21.18 44.27 23.69
21.18 44.28 23.68
21.20 44.40 23.61
21.20 44.41 23.60
21.22 44.54 23.52
21.22 44.55 23.51
21.24 44.67 23.43
21.24 44.68 23.43
21.26 44.80 23.34
21.26 44.81 23.34
21.28 44.93 23.25
21.28 44.94 23.25
21.30 45.06 23.17
21.30 45.07 23.16
21.32 45.19 23.08
21.32 45.20 23.07
21.34 45.32 23.00
21.34 45.33 22.99
21.36 45.45 22.92
21.36 45.46 22.92
21.38 45.57 22.86
21.38 45.58 22.85
21.40 45.70 22.78
21.40 45.71 22.78
21.42 45.82 22.72
21.42 45.83 22.71
21.44 45.95 22.65
21.44 45.96 22.64
21.46 46.07 22.58
21.46 46.08 22.57
21.48 46.19 22.51
21.48 46.20 22.50
21.50 46.32 22.42
21.50 46.33 22.42
21.52 46.44 22.35
21.52 46.45 22.34
21.54 46.56 22.27
21.54 46.57 22.26
21.56 46.68 22.19
21.56 46.69 22.19
21.58 46.79 22.12
21.58 46.80 22.12
21.60 46.91 22.05
21.60 46.92 22.04
21.62 47.03 21.97
21.62 47.04 21.97
21.64 47.15 21.90
21.64 47.16 21.90
21.66 47.26 21.84
21.66 47.27 21.83
21.68 47.38 21.76
21.68 47.39 21.76
21.70 47.49 21.70
21.70 47.50 21.69
21.72 47.60 21.64
21.72 47.61 21.63
21.74 47.72 21.57
21.74 47.73 21.56
21.76 47.83 21.50
21.76 47.84 21.50
21.78 47.94 21.44
21.78 47.95 21.43
21.80 48.05 21.37
21.80 48.06 21.36
21.82 48.16 21.30
21.82 48.17 21.30
21.84 48.27 21.24
21.84 48.28 21.23
21.86 48.38 21.17
21.86 48.39 21.16
21.88 48.49 21.10
21.88 48.50 21.09
21.90 48.60 21.03
21.90 48.61 21.02
21.92 48.71 20.95
21.92 48.72 20.95
21.94 48.81 20.89
21.94 48.82 20.88
21.96 48.92 20.81
21.96 48.93 20.81
21.98 49.02 20.75
21.98 49.03 20.74
22.00 49.13 20.67
22.00 49.14 20.67
22.02 49.23 20.61
22.02 49.24 20.60
22.04 49.34 20.53
22.04 49.35 20.53
22.06 49.44 20.46
22.06 49.45 20.46
22.08 49.54 20.40
22.08 49.55 20.39
22.10 49.64 20.33
22.10 49.65 20.32
22.12 49.74 20.26
22.12 49.75 20.25
22.14 49.84 20.18
22.14 49.85 20.18
22.16 49.94 20.11
22.16 49.95 20.10
22.18 50.04 20.04
22.18 50.05 20.03
22.20 50.14 19.96
22.20 50.15 19.96
22.22 50.24 19.89
22.22 50.25 19.89
22.24 50.34 19.83
22.24 50.35 19.82
22.26 50.43 19.77
22.26 50.44 19.76
22.28 50.53 19.71
22.28 50.54 19.70
22.30 50.63 19.65
22.30 50.64 19.65
22.32 50.72 19.60
22.32 50.73 19.60
22.34 50.82 19.55
22.34 50.83 19.54
22.36 50.91 19.49
22.36 50.92 19.49
22.38 51.01 19.43
22.38 51.02 19.42
22.40 51.10 19.37
22.40 51.11 19.36
22.42 51.19 19.30
22.42 51.20 19.30
22.44 51.29 19.23
22.44 51.30 19.22
22.46 51.38 19.16
22.46 51.39 19.15
22.48 51.47 19.08
22.48 51.48 19.08
22.50 51.56 19.01
22.50 51.57 19.00
22.52 51.65 18.94
22.52 51.66 18.93
22.54 51.74 18.86
22.54 51.75 18.85
22.56 51.83 18.78
22.56 51.84 18.77
22.58 51.92 18.69
22.58 51.93 18.68
22.60 52.01 18.60
22.60 52.02 18.59
22.62 52.09 18.51
22.62 52.10 18.50
22.64 52.18 18.41
22.64 52.19 18.40
22.66 52.27 18.31
22.66 52.28 18.30
22.68 52.35 18.21
22.68 52.36 18.20
22.70 52.43 18.12
22.70 52.44 18.11
22.72 52.52 18.02
22.72 52.53 18.01
22.74 52.60 17.94
22.74 52.61 17.93
22.76 52.68 17.86
22.76 52.69 17.86
22.78 52.77 17.79
22.78 52.78 17.78
22.80 52.85 17.72
22.80 52.86 17.71
22.82 52.93 17.66
22.82 52.94 17.65
22.84 53.01 17.61
22.84 53.02 17.60
22.86 53.09 17.55
22.86 53.10 17.55
22.88 53.17 17.50
22.88 53.18 17.50
22.90 53.25 17.46
22.90 53.26 17.45
22.92 53.33 17.41
22.92 53.34 17.40
22.94 53.41 17.36
22.94 53.42 17.35
22.96 53.49 17.31
22.96 53.50 17.30
22.98 53.57 17.26
22.98 53.58 17.25
23.00 53.64 17.21
23.00 53.65 17.21
23.02 53.72 17.17
23.02 53.73 17.16
23.04 53.80 17.13
23.04 53.81 17.12
23.06 53.88 17.10
23.07 53.89 17.09
23.08 53.95 17.08
23.08 53.96 17.08
23.10 54.03 17.06
23.10 54.04 17.06
23.12 54.10 17.06
23.12 54.11 17.06
23.14 54.18 17.06
23.14 54.19 17.06
23.16 54.26 17.06
23.16 54.27 17.06
23.18 54.33 17.06
23.18 54.34 17.06
23.20 54.41 17.06
23.20 54.42 17.06
23.22 54.48 17.06
23.22 54.49 17.06
23.24 54.56 17.05
23.24 54.57 17.05
23.26 54.64 17.05
23.27 54.65 17.04
23.28 54.71 17.04
23.28 54.72 17.04
23.30 54.79 17.02
23.31 54.80 17.02
23.32 54.86 17.01
23.32 54.87 17.01
23.34 54.94 16.99
23.35 54.95 16.98
23.36 55.01 16.96
23.36 55.02 16.96
23.38 55.08 16.93
23.38 55.09 16.92
23.40 55.16 16.88
23.40 55.17 16.88
23.42 55.23 16.84
23.42 55.24 16.83
23.44 55.30 16.79
23.44 55.31 16.78
23.46 55.38 16.72
23.46 55.39 16.71
23.48 55.45 16.66
23.48 55.46 16.66
23.50 55.52 16.60
23.50 55.53 16.60
23.52 55.59 16.55
23.52 55.60 16.54
23.54 55.66 16.49
23.54 55.67 16.48
23.56 55.74 16.43
23.57 55.75 16.42
23.58 55.81 16.37
23.59 55.82 16.37
23.60 55.88 16.32
23.61 55.89 16.31
23.62 55.95 16.27
23.63 55.96 16.26
23.64 56.02 16.22
23.65 56.03 16.21
23.66 56.08 16.17
23.66 56.09 16.17
23.68 56.15 16.13
23.68 56.16 16.12
23.70 56.22 16.08
23.70 56.23 16.07
23.72 56.29 16.04
23.72 56.30 16.03
23.74 56.36 15.99
23.75 56.37 15.99
23.76 56.43 15.95
23.77 56.44 15.95
23.78 56.49 15.92
23.78 56.50 15.91
23.80 56.56 15.87
23.80 56.57 15.86
23.82 56.63 15.83
23.83 56.64 15.82
23.84 56.69 15.79
23.84 56.70 15.78
23.86 56.76 15.74
23.86 56.77 15.73
23.88 56.82 15.70
23.88 56.83 15.69
23.90 56.89 15.65
23.90 56.90 15.65
23.92 56.96 15.61
23.93 56.97 15.60
23.94 57.02 15.57
23.94 57.03 15.56
23.96 57.08 15.53
23.96 57.09 15.52
23.98 57.15 15.48
23.98 57.16 15.47
24.00 57.21 15.44
24.00 57.22 15.43
24.02 57.28 15.39
24.03 57.29 15.38
24.04 57.34 15.34
24.04 57.35 15.34
24.06 57.40 15.30
24.06 57.41 15.29
24.08 57.47 15.24
24.09 57.48 15.24
24.10 57.53 15.20
24.10 57.54 15.19
24.12 57.59 15.15
24.12 57.60 15.15
24.14 57.65 15.11
24.14 57.66 15.11
24.16 57.72 15.07
24.17 57.73 15.06
24.18 57.78 15.03
24.19 57.79 15.02
24.20 57.84 15.00
24.21 57.85 14.99
24.22 57.90 14.96
24.23 57.91 14.96
24.24 57.96 14.93
24.25 57.97 14.92
24.26 58.02 14.89
24.26 58.03 14.88
24.28 58.08 14.85
24.28 58.09 14.84
24.30 58.14 14.81
24.30 58.15 14.80
24.32 58.20 14.77
24.32 58.21 14.76
24.34 58.26 14.72
24.34 58.27 14.71
24.36 58.32 14.68
24.37 58.33 14.67
24.38 58.38 14.63
24.39 58.39 14.63
24.40 58.44 14.59
24.41 58.45 14.58
24.42 58.50 14.55
24.43 58.51 14.54
24.44 58.55 14.52
24.44 58.56 14.51
24.46 58.61 14.49
24.46 58.62 14.48
24.48 58.67 14.45
24.49 58.68 14.45
24.50 58.73 14.42
24.51 58.74 14.41
24.52 58.78 14.39
24.52 58.79 14.38
24.54 58.84 14.35
24.54 58.85 14.35
24.56 58.90 14.32
24.57 58.91 14.31
24.58 58.95 14.28
24.58 58.96 14.28
24.60 59.01 14.24
24.60 59.02 14.24
24.62 59.07 14.20
24.63 59.08 14.20
24.64 59.12 14.17
24.64 59.13 14.16
24.66 59.18 14.12
24.67 59.19 14.12
24.68 59.23 14.09
24.68 59.24 14.08
24.70 59.29 14.05
24.71 59.30 14.04
24.72 59.34 14.01
24.72 59.35 14.00
24.74 59.40 13.97
24.75 59.41 13.96
24.76 59.45 13.93
24.76 59.46 13.92
24.78 59.51 13.88
24.79 59.52 13.87
24.80 59.56 13.84
24.80 59.57 13.83
24.82 59.62 13.80
24.83 59.63 13.79
24.84 59.67 13.76
24.85 59.68 13.75
24.86 59.72 13.73
24.86 59.73 13.72
24.88 59.78 13.69
24.89 59.79 13.68
24.90 59.83 13.66
24.91 59.84 13.66
24.92 59.88 13.64
24.93 59.89 13.63
24.94 59.93 13.61
24.94 59.94 13.61
24.96 59.99 13.58
24.97 60.00 13.58
24.98 60.04 13.56
24.99 60.05 13.55
25.00 60.09 13.53
25.01 60.10 13.52
25.02 60.14 13.50
25.02 60.15 13.49
25.04 60.19 13.46
25.04 60.20 13.45
25.06 60.25 13.41
25.07 60.26 13.41
25.08 60.30 13.37
25.09 60.31 13.37
25.10 60.35 13.33
25.11 60.36 13.33
25.12 60.40 13.30
25.13 60.41 13.29
25.14 60.45 13.26
25.15 60.46 13.25
25.16 60.50 13.23
25.17 60.51 13.22
25.18 60.55 13.19
25.19 60.56 13.19
25.20 60.60 13.16
25.21 60.61 13.15
25.22 60.65 13.13
25.23 60.66 13.12
25.24 60.70 13.10
25.25 60.71 13.09
25.26 60.75 13.06
25.27 60.76 13.06
25.28 60.80 13.03
25.29 60.81 13.02
25.30 60.85 12.99
25.31 60.86 12.98
25.32 60.89 12.96
25.32 60.90 12.95
25.34 60.94 12.92
25.35 60.95 12.91
25.36 60.99 12.88
25.37 61.00 12.87
25.38 61.04 12.84
25.39 61.05 12.83
25.40 61.09 12.79
25.41 61.10 12.78
25.42 61.13 12.76
25.42 61.14 12.75
25.44 61.18 12.72
25.45 61.19 12.71
25.46 61.23 12.67
25.47 61.24 12.67
25.48 61.28 12.63
25.49 61.29 12.63
25.50 61.32 12.61
25.51 61.33 12.60
25.52 61.37 12.57
25.53 61.38 12.57
25.54 61.42 12.54
25.55 61.43 12.54
25.56 61.46 12.52
25.57 61.47 12.52
25.58 61.51 12.50
25.59 61.52 12.49
25.60 61.55 12.48
25.60 61.56 12.47
25.62 61.60 12.45
25.63 61.61 12.44
25.64 61.65 12.41
25.65 61.66 12.41
25.66 61.69 12.39
25.67 61.70 12.38
25.68 61.74 12.35
25.69 61.75 12.34
25.70 61.78 12.32
25.71 61.79 12.31
25.72 61.83 12.28
25.73 61.84 12.27
25.74 61.87 12.24
25.75 61.88 12.24
25.76 61.92 12.21
25.77 61.93 12.20
25.78 61.96 12.18
25.79 61.97 12.18
25.80 62.00 12.16
25.81 62.01 12.16
25.82 62.05 12.13
25.83 62.06 12.13
25.84 62.09 12.11
25.85 62.10 12.10
25.86 62.13 12.09
25.86 62.14 12.08
25.88 62.18 12.05
25.89 62.19 12.04
25.90 62.22 12.02
25.91 62.23 12.01
25.92 62.27 11.98
25.93 62.28 11.98
25.94 62.31 11.95
25.95 62.32 11.95
25.96 62.35 11.93
25.97 62.36 11.92
25.98 62.39 11.90
25.99 62.40 11.90
26.00 62.44 11.88
26.01 62.45 11.88
26.02 62.48 11.86
26.03 62.49 11.86
26.04 62.52 11.85
26.05 62.53 11.84
26.06 62.56 11.83
26.07 62.57 11.83
26.08 62.61 11.80
26.09 62.62 11.79
26.10 62.65 11.77
26.11 62.66 11.76
26.12 62.69 11.73
26.13 62.70 11.72
26.14 62.73 11.69
26.15 62.74 11.68
26.16 62.77 11.65
26.17 62.78 11.63
26.18 62.81 11.60
26.19 62.82 11.59
26.20 62.85 11.57
26.20 62.86 11.56
26.22 62.90 11.53
26.23 62.91 11.52
26.24 62.94 11.51
26.25 62.95 11.50
26.26 62.98 11.49
26.27 62.99 11.48
26.28 63.02 11.46
26.29 63.03 11.46
26.30 63.06 11.44
26.31 63.07 11.43
26.32 63.10 11.41
26.33 63.11 11.40
26.34 63.14 11.37
26.35 63.15 11.36
26.36 63.18 11.33
26.37 63.19 11.32
26.38 63.22 11.29
26.39 63.23 11.28
26.40 63.26 11.25
26.41 63.27 11.24
26.42 63.29 11.22
26.43 63.30 11.22
26.44 63.33 11.20
26.45 63.34 11.20
26.46 63.37 11.19
26.47 63.38 11.18
26.48 63.41 11.18
26.49 63.42 11.18
26.50 63.45 11.17
26.51 63.46 11.17
26.52 63.49 11.17
26.53 63.50 11.17
26.54 63.53 11.16
26.55 63.54 11.15
26.56 63.57 11.14
26.57 63.58 11.13
26.58 63.60 11.12
26.59 63.61 11.12
26.60 63.64 11.09
26.61 63.65 11.09
26.62 63.68 11.07
26.63 63.69 11.06
26.64 63.72 11.04
26.65 63.73 11.03
26.66 63.76 11.01
26.67 63.77 11.00
26.68 63.79 10.99
26.69 63.80 10.99
26.70 63.83 10.97
26.71 63.84 10.96
26.72 63.87 10.94
26.73 63.88 10.93
26.74 63.91 10.91
26.75 63.92 10.90
26.76 63.94 10.88
26.77 63.95 10.87
26.78 63.98 10.84
26.79 63.99 10.83
26.80 64.02 10.80
26.81 64.03 10.79
26.83 64.06 10.75
26.83 64.07 10.74
26.84 64.09 10.72
26.85 64.10 10.71
26.86 64.13 10.68
26.87 64.14 10.67
26.88 64.16 10.65
26.89 64.17 10.65
26.90 64.20 10.63
26.91 64.21 10.62
26.92 64.23 10.61
26.93 64.24 10.61
26.94 64.27 10.59
26.95 64.28 10.59
26.96 64.31 10.57
26.97 64.32 10.57
26.98 64.34 10.56
26.99 64.35 10.55
27.00 64.38 10.53
27.01 64.39 10.52
27.02 64.41 10.50
27.03 64.42 10.49
27.04 64.45 10.47
27.05 64.46 10.46
27.06 64.48 10.44
27.07 64.49 10.43
27.08 64.52 10.41
27.09 64.53 10.41
27.10 64.55 10.40
27.11 64.56 10.39
27.13 64.59 10.38
27.13 64.60 10.38
27.14 64.62 10.37
27.15 64.63 10.37
27.16 64.65 10.37
27.17 64.66 10.37
27.18 64.69 10.36
27.19 64.70 10.35
27.20 64.72 10.34
27.21 64.73 10.33
27.22 64.76 10.31
27.23 64.77 10.30
27.24 64.79 10.28
27.25 64.80 10.27
27.26 64.83 10.23
27.27 64.84 10.22
27.28 64.86 10.19
27.29 64.87 10.18
27.30 64.89 10.15
27.31 64.90 10.14
27.33 64.93 10.11
27.33 64.94 10.11
27.34 64.96 10.09
27.35 64.97 10.09
27.36 64.99 10.08
27.37 65.00 10.08
27.39 65.03 10.07
27.39 65.04 10.07
27.40 65.06 10.06
27.41 65.07 10.06
27.42 65.09 10.05
27.43 65.10 10.04
27.44 65.12 10.03
27.45 65.13 10.02
27.47 65.16 9.99
27.47 65.17 9.98
27.48 65.19 9.95
27.49 65.20 9.94
27.50 65.22 9.91
27.51 65.23 9.89
27.52 65.25 9.86
27.53 65.26 9.85
27.55 65.29 9.81
27.55 65.30 9.79
27.56 65.32 9.78
27.57 65.33 9.77
27.58 65.35 9.75
27.59 65.36 9.75
27.60 65.38 9.74
27.61 65.39 9.74
27.62 65.41 9.74
27.63 65.42 9.73
27.64 65.44 9.73
27.65 65.45 9.73
27.66 65.47 9.72
27.67 65.48 9.72
27.69 65.51 9.71
27.69 65.52 9.70
27.71 65.54 9.69
27.71 65.55 9.68
27.72 65.57 9.67
27.73 65.58 9.66
27.74 65.60 9.65
27.75 65.61 9.65
27.76 65.63 9.64
27.77 65.64 9.63
27.78 65.66 9.62
27.79 65.67 9.62
27.80 65.69 9.62
27.81 65.70 9.61
27.82 65.72 9.61
27.83 65.73 9.60
27.84 65.75 9.60
27.85 65.76 9.59
27.86 65.78 9.58
27.87 65.79 9.57
27.88 65.81 9.56
27.89 65.82 9.54
27.90 65.84 9.52
27.91 65.85 9.51
27.92 65.87 9.49
27.93 65.88 9.48
27.94 65.90 9.45
27.95 65.91 9.44
27.96 65.93 9.42
27.97 65.94 9.41
27.98 65.96 9.39
27.99 65.97 9.39
28.00 65.99 9.38
28.01 66.00 9.37
28.02 66.02 9.37
28.03 66.03 9.36
28.04 66.05 9.36
28.05 66.06 9.36
28.06 66.08 9.35
28.07 66.09 9.34
28.08 66.11 9.33
28.09 66.12 9.33
28.10 66.14 9.31
28.11 66.15 9.30
28.12 66.17 9.29
28.13 66.18 9.28
28.15 66.20 9.26
28.15 66.21 9.25
28.17 66.23 9.23
28.17 66.24 9.23
28.18 66.25 9.22
28.19 66.26 9.21
28.20 66.28 9.20
28.21 66.29 9.20
28.22 66.31 9.19
28.23 66.32 9.18
28.24 66.34 9.17
28.25 66.35 9.17
28.26 66.37 9.16
28.27 66.38 9.15
28.29 66.40 9.13
28.29 66.41 9.12
28.31 66.43 9.10
28.31 66.44 9.09
28.32 66.45 9.08
28.33 66.46 9.06
28.34 66.48 9.04
28.35 66.49 9.03
28.36 66.51 9.00
28.37 66.52 8.99
28.39 66.54 8.97
28.39 66.55 8.96
28.40 66.56 8.95
28.41 66.57 8.95
28.42 66.59 8.93
28.43 66.60 8.93
28.45 66.62 8.92
28.45 66.63 8.91
28.46 66.64 8.91
28.47 66.65 8.90
28.48 66.67 8.89
28.49 66.68 8.88
28.50 66.70 8.87
28.51 66.71 8.86
28.53 66.73 8.85
28.53 66.74 8.84
28.54 66.75 8.83
28.55 66.76 8.82
28.56 66.78 8.81
28.57 66.79 8.80
28.59 66.81 8.79
28.59 66.82 8.79
28.60 66.83 8.79
28.61 66.84 8.78
28.62 66.86 8.78
28.63 66.87 8.77
28.65 66.89 8.77
28.65 66.90 8.76
28.66 66.91 8.76
28.67 66.92 8.76
28.68 66.94 8.75
28.69 66.95 8.74
28.71 66.97 8.73
28.71 66.98 8.72
28.72 66.99 8.71
28.73 67.00 8.71
28.74 67.02 8.69
28.75 67.03 8.69
28.76 67.04 8.68
28.77 67.05 8.67
28.78 67.07 8.66
28.79 67.08 8.65
28.81 67.10 8.64
28.81 67.11 8.63
28.82 67.12 8.62
28.83 67.13 8.61
28.85 67.15 8.60
28.85 67.16 8.59
28.86 67.17 8.58
28.87 67.18 8.56
28.88 67.20 8.54
28.89 67.21 8.53
28.91 67.23 8.51
28.92 67.24 8.50
28.92 67.25 8.48
28.93 67.26 8.48
28.95 67.28 8.46
28.96 67.29 8.45
28.96 67.30 8.45
28.97 67.31 8.44
28.98 67.32 8.44
28.99 67.33 8.43
29.00 67.35 8.43
29.01 67.36 8.42
29.02 67.37 8.42
29.03 67.38 8.41
29.04 67.40 8.40
29.05 67.41 8.39
29.06 67.42 8.38
29.07 67.43 8.37
29.08 67.45 8.35
29.09 67.46 8.33
29.10 67.47 8.32
29.11 67.48 8.31
29.13 67.50 8.28
29.13 67.51 8.26
29.14 67.52 8.25
29.15 67.53 8.24
29.17 67.55 8.22
29.18 67.56 8.21
29.19 67.57 8.21
29.19 67.58 8.21
29.20 67.59 8.20
29.21 67.60 8.20
29.23 67.62 8.20
29.23 67.63 8.20
29.24 67.64 8.20
29.25 67.65 8.19
29.27 67.67 8.19
29.28 67.68 8.19
29.28 67.69 8.18
29.29 67.70 8.18
29.30 67.71 8.17
29.31 67.72 8.17
29.33 67.74 8.15
29.34 67.75 8.15
29.34 67.76 8.14
29.35 67.77 8.14
29.36 67.78 8.13
29.37 67.79 8.13
29.39 67.81 8.12
29.40 67.82 8.12
29.40 67.83 8.11
29.41 67.84 8.11
29.42 67.85 8.10
29.43 67.86 8.10
29.45 67.88 8.08
29.46 67.89 8.07
29.46 67.90 8.06
29.47 67.91 8.05
29.48 67.92 8.04
29.49 67.93 8.03
29.51 67.95 8.00
29.52 67.96 7.99
29.52 67.97 7.98
29.53 67.98 7.96
29.54 67.99 7.95
29.55 68.00 7.94
29.56 68.01 7.93
29.57 68.02 7.92
29.59 68.04 7.91
29.60 68.05 7.90
29.61 68.06 7.89
29.61 68.07 7.89
29.62 68.08 7.88
29.63 68.09 7.88
29.64 68.10 7.87
29.65 68.11 7.86
29.67 68.13 7.85
29.68 68.14 7.84
29.68 68.15 7.83
29.69 68.16 7.82
29.70 68.17 7.81
29.71 68.18 7.80
29.72 68.19 7.79
29.73 68.20 7.78
29.74 68.21 7.77
29.75 68.22 7.76
29.77 68.24 7.75
29.78 68.25 7.74
29.79 68.26 7.74
29.80 68.27 7.73
29.80 68.28 7.73
29.81 68.29 7.72
29.82 68.30 7.71
29.83 68.31 7.71
29.84 68.32 7.70
29.85 68.33 7.70
29.86 68.34 7.69
29.87 68.35 7.68
29.89 68.37 7.67
29.90 68.38 7.66
29.91 68.39 7.66
29.92 68.40 7.65
29.93 68.41 7.64
29.94 68.42 7.64
29.94 68.43 7.63
29.95 68.44 7.63
29.96 68.45 7.62
29.97 68.46 7.62
29.98 68.47 7.61
29.99 68.48 7.61
30.00 68.49 7.61
30.01 68.50 7.60
30.02 68.51 7.60
30.03 68.52 7.60
30.05 68.54 7.59
30.06 68.55 7.58
30.07 68.56 7.58
30.08 68.57 7.58
30.09 68.58 7.57
30.10 68.59 7.57
30.11 68.60 7.57
30.12 68.61 7.56
30.13 68.62 7.56
30.14 68.63 7.55
30.15 68.64 7.55
30.16 68.65 7.54
30.16 68.66 7.54
30.17 68.67 7.53
30.18 68.68 7.52
30.19 68.69 7.51
30.20 68.70 7.50
30.21 68.71 7.49
30.22 68.72 7.48
30.23 68.73 7.46
30.24 68.74 7.45
30.25 68.75 7.44
30.26 68.76 7.43
30.27 68.77 7.41
30.28 68.78 7.40
30.29 68.79 7.39
30.30 68.80 7.38
30.31 68.81 7.38
30.32 68.82 7.37
30.33 68.83 7.37
30.34 68.84 7.36
30.35 68.85 7.36
30.36 68.86 7.36
30.37 68.87 7.36
30.38 68.88 7.35
30.39 68.89 7.35
30.40 68.90 7.34
30.41 68.91 7.33
30.42 68.92 7.32
30.43 68.93 7.31
30.44 68.94 7.30
30.45 68.95 7.28
30.46 68.96 7.27
30.47 68.97 7.26
30.48 68.98 7.24
30.49 68.99 7.23
30.50 69.00 7.22
30.51 69.01 7.20
30.52 69.02 7.19
30.54 69.03 7.19
30.55 69.04 7.18
30.56 69.05 7.18
30.57 69.06 7.17
30.58 69.07 7.17
30.59 69.08 7.17
30.60 69.09 7.17
30.61 69.10 7.16
30.62 69.11 7.16
30.63 69.12 7.16
30.64 69.13 7.15
30.65 69.14 7.15
30.66 69.15 7.14
30.67 69.16 7.13
30.68 69.17 7.12
30.69 69.18 7.11
30.70 69.19 7.11
30.71 69.20 7.10
30.72 69.21 7.09
30.73 69.22 7.08
30.75 69.23 7.07
30.76 69.24 7.06
30.77 69.25 7.06
30.78 69.26 7.05
30.79 69.27 7.05
30.80 69.28 7.04
30.81 69.29 7.04
30.82 69.30 7.04
30.83 69.31 7.03
30.84 69.32 7.03
30.85 69.33 7.03
30.87 69.34 7.03
30.88 69.35 7.02
30.89 69.36 7.02
30.90 69.37 7.01
30.91 69.38 7.01
30.92 69.39 7.00
30.93 69.40 7.00
30.94 69.41 6.99
30.95 69.42 6.98
30.96 69.43 6.97
30.98 69.44 6.96
30.99 69.45 6.95
31.00 69.46 6.94
31.01 69.47 6.93
31.02 69.48 6.93
31.03 69.49 6.92
31.04 69.50 6.91
31.05 69.51 6.90
31.06 69.52 6.89
31.07 69.53 6.89
31.09 69.54 6.88
31.10 69.55 6.87
31.11 69.56 6.86
31.12 69.57 6.86
31.13 69.58 6.85
31.14 69.59 6.84
31.15 69.60 6.83
31.17 69.61 6.83
31.18 69.62 6.82
31.19 69.63 6.81
31.20 69.64 6.80
31.21 69.65 6.79
31.22 69.66 6.78
31.23 69.67 6.77
31.25 69.68 6.76
31.26 69.69 6.75
31.27 69.70 6.74
31.28 69.71 6.73
31.29 69.72 6.72
31.30 69.73 6.71
31.32 69.74 6.70
31.33 69.75 6.69
31.34 69.76 6.68
31.35 69.77 6.68
31.36 69.78 6.67
31.38 69.79 6.66
31.39 69.80 6.66
31.40 69.81 6.65
31.41 69.82 6.65
31.42 69.83 6.64
31.43 69.84 6.63
31.45 69.85 6.62
31.46 69.86 6.61
31.47 69.87 6.60
31.48 69.88 6.59
31.50 69.89 6.58
31.51 69.90 6.57
31.52 69.91 6.56
31.53 69.92 6.55
31.54 69.93 6.54
31.56 69.94 6.54
31.57 69.95 6.54
31.58 69.96 6.54
31.59 69.97 6.54
31.60 69.98 6.54
31.62 69.99 6.55
31.63 70.00 6.55
31.64 70.01 6.55
31.66 70.02 6.55
31.67 70.03 6.54
31.68 70.04 6.53
31.69 70.05 6.53
31.70 70.06 6.51
31.72 70.07 6.50
31.73 70.08 6.49
31.74 70.09 6.48
31.75 70.10 6.47
31.77 70.11 6.45
31.78 70.12 6.44
31.79 70.13 6.44
31.80 70.14 6.43
31.82 70.15 6.42
31.83 70.16 6.41
31.84 70.17 6.41
31.86 70.18 6.40
31.87 70.19 6.39
31.88 70.20 6.38
31.89 70.21 6.37
31.91 70.22 6.36
31.92 70.23 6.35
31.93 70.24 6.33
31.94 70.25 6.33
31.96 70.26 6.32
31.97 70.27 6.31
31.98 70.28 6.31
32.00 70.29 6.31
32.01 70.30 6.30
32.03 70.31 6.30
32.04 70.32 6.30
32.05 70.33 6.30
32.06 70.34 6.30
32.07 70.35 6.29
32.09 70.36 6.28
32.10 70.37 6.27
32.11 70.38 6.26
32.13 70.39 6.24
32.14 70.40 6.23
32.16 70.41 6.22
32.17 70.42 6.21
32.18 70.43 6.20
32.20 70.44 6.19
32.21 70.45 6.19
32.22 70.46 6.19
32.24 70.47 6.19
32.25 70.48 6.19
32.26 70.49 6.19
32.28 70.50 6.19
32.29 70.51 6.18
32.31 70.52 6.18
32.32 70.53 6.17
32.33 70.54 6.17
32.35 70.55 6.16
32.36 70.56 6.15
32.37 70.57 6.13
32.39 70.58 6.12
32.40 70.59 6.10
32.41 70.60 6.09
32.43 70.61 6.07
32.44 70.62 6.05
32.46 70.63 6.04
32.47 70.64 6.02
32.49 70.65 6.01
32.50 70.66 6.00
32.51 70.67 5.99
32.53 70.68 5.99
32.54 70.69 5.99
32.56 70.70 5.99
32.57 70.71 5.99
32.59 70.72 5.99
32.60 70.73 5.99
32.61 70.74 5.98
32.63 70.75 5.98
32.64 70.76 5.97
32.66 70.77 5.97
32.67 70.78 5.96
32.69 70.79 5.95
32.70 70.80 5.95
32.72 70.81 5.94
32.73 70.82 5.93
32.75 70.83 5.93
32.76 70.84 5.92
32.78 70.85 5.92
32.79 70.86 5.91
32.81 70.87 5.91
32.82 70.88 5.90
32.84 70.89 5.89
32.85 70.90 5.88
32.86 70.91 5.87
32.88 70.92 5.86
32.89 70.93 5.85
32.91 70.94 5.83
32.93 70.95 5.82
32.94 70.96 5.81
32.96 70.97 5.80
32.97 70.98 5.79
32.99 70.99 5.78
33.00 71.00 5.78
33.02 71.01 5.77
33.03 71.02 5.76
33.05 71.03 5.75
33.06 71.04 5.74
33.08 71.05 5.73
33.09 71.06 5.72
33.11 71.07 5.72
33.13 71.08 5.71
33.14 71.09 5.71
33.16 71.10 5.70
33.17 71.11 5.70
33.19 71.12 5.70
33.20 71.13 5.70
33.22 71.14 5.69
33.24 71.15 5.69
33.25 71.16 5.68
33.27 71.17 5.68
33.28 71.18 5.68
33.30 71.19 5.67
33.32 71.20 5.67
33.33 71.21 5.67
33.35 71.22 5.66
33.36 71.23 5.65
33.38 71.24 5.65
33.39 71.25 5.64
33.41 71.26 5.62
33.43 71.27 5.61
33.45 71.28 5.60
33.46 71.29 5.58
33.48 71.30 5.57
33.49 71.31 5.57
33.51 71.32 5.56
33.53 71.33 5.55
33.54 71.34 5.55
33.56 71.35 5.55
33.58 71.36 5.54
33.60 71.37 5.53
33.61 71.38 5.53
33.63 71.39 5.52
33.64 71.40 5.51
33.66 71.41 5.49
33.68 71.42 5.48
33.69 71.43 5.47
33.71 71.44 5.45
33.73 71.45 5.44
33.75 71.46 5.44
33.77 71.47 5.43
33.78 71.48 5.43
33.80 71.49 5.43
33.82 71.50 5.43
33.83 71.51 5.43
33.85 71.52 5.42
33.87 71.53 5.41
33.89 71.54 5.40
33.90 71.55 5.39
33.92 71.56 5.37
33.94 71.57 5.36
33.96 71.58 5.34
33.97 71.59 5.32
33.99 71.60 5.31
34.01 71.61 5.30
34.03 71.62 5.29
34.05 71.63 5.30
34.07 71.64 5.30
34.09 71.65 5.31
34.10 71.66 5.32
34.12 71.67 5.33
34.14 71.68 5.33
34.16 71.69 5.33
34.17 71.70 5.32
34.19 71.71 5.31
34.21 71.72 5.29
34.23 71.73 5.28
34.25 71.74 5.26
34.27 71.75 5.25
34.28 71.76 5.23
34.30 71.77 5.22
34.32 71.78 5.22
34.34 71.79 5.21
34.36 71.80 5.20
34.38 71.81 5.19
34.40 71.82 5.18
34.42 71.83 5.17
34.44 71.84 5.17
34.45 71.85 5.16
34.47 71.86 5.15
34.50 71.87 5.15
34.52 71.88 5.14
34.54 71.89 5.14
34.55 71.90 5.14
34.57 71.91 5.13
34.59 71.92 5.12
34.61 71.93 5.11
34.63 71.94 5.10
34.65 71.95 5.09
34.67 71.96 5.08
34.69 71.97 5.08
34.71 71.98 5.07
34.73 71.99 5.07
34.75 72.00 5.07
34.77 72.01 5.06
34.79 72.02 5.06
34.81 72.03 5.06
34.83 72.04 5.05
34.85 72.05 5.04
34.87 72.06 5.03
34.89 72.07 5.02
34.91 72.08 5.01
34.93 72.09 5.01
34.95 72.10 5.01
34.97 72.11 5.01
35.00 72.12 5.00
35.02 72.13 5.00
35.04 72.14 4.99
35.06 72.15 4.97
35.07 72.16 4.96
35.10 72.17 4.93
35.12 72.18 4.90
35.14 72.19 4.88
35.16 72.20 4.87
35.19 72.21 4.86
35.21 72.22 4.85
35.23 72.23 4.85
35.25 72.24 4.85
35.27 72.25 4.85
35.30 72.26 4.85
35.32 72.27 4.85
35.34 72.28 4.85
35.36 72.29 4.84
35.38 72.30 4.83
35.40 72.31 4.81
35.43 72.32 4.79
35.45 72.33 4.78
35.47 72.34 4.77
35.49 72.35 4.76
35.52 72.36 4.76
35.54 72.37 4.76
35.56 72.38 4.76
35.59 72.39 4.75
35.61 72.40 4.75
35.63 72.41 4.75
35.65 72.42 4.75
35.68 72.43 4.75
35.70 72.44 4.75
35.73 72.45 4.75
35.75 72.46 4.74
35.77 72.47 4.73
35.79 72.48 4.71
35.82 72.49 4.69
35.84 72.50 4.67
35.86 72.51 4.64
35.89 72.52 4.62
35.92 72.53 4.61
35.94 72.54 4.61
35.96 72.55 4.61
36.01 72.57 4.60
36.04 72.58 4.58
36.07 72.59 4.57
36.09 72.60 4.56
36.11 72.61 4.54
36.14 72.62 4.53
36.17 72.63 4.51
36.20 72.64 4.50
36.21 72.65 4.49
36.24 72.66 4.48
36.26 72.67 4.47
36.30 72.68 4.47
36.33 72.69 4.47
36.35 72.70 4.47
36.37 72.71 4.48
36.40 72.72 4.47
36.43 72.73 4.46
36.46 72.74 4.45
36.48 72.75 4.43
36.50 72.76 4.42
36.53 72.77 4.41
36.57 72.78 4.41
36.59 72.79 4.40
36.62 72.80 4.40
36.64 72.81 4.40
36.67 72.82 4.39
36.70 72.83 4.37
36.73 72.84 4.36
36.76 72.85 4.35
36.78 72.86 4.35
36.81 72.87 4.34
36.84 72.88 4.34
36.87 72.89 4.34
36.90 72.90 4.34
36.92 72.91 4.34
36.95 72.92 4.34
36.98 72.93 4.34
37.02 72.94 4.33
37.04 72.95 4.33
37.07 72.96 4.32
37.09 72.97 4.32
37.12 72.98 4.30
37.16 72.99 4.27
37.19 73.00 4.24
37.21 73.01 4.22
37.23 73.02 4.20
37.28 73.03 4.16
37.32 73.04 4.15
37.34 73.05 4.15
37.36 73.06 4.15
37.41 73.07 4.14
37.44 73.08 4.12
37.47 73.09 4.09
37.49 73.10 4.07
37.55 73.11 4.03
37.57 73.12 4.02
37.60 73.13 4.00
37.63 73.14 3.95
37.68 73.15 3.87
37.80 73.18 3.84
37.82 73.19 3.86
37.89 73.20 3.90
37.91 73.21 3.90
37.93 73.22 3.89
38.00 73.23 3.83
38.02 73.24 3.79
38.05 73.25 3.78
38.12 73.26 3.79
38.23 73.29 3.83
38.26 73.30 3.82
38.28 73.31 3.81
38.34 73.32 3.78
38.36 73.33 3.78
38.43 73.34 3.79
38.46 73.35 3.79
38.49 73.36 3.79
38.57 73.38 3.76
38.64 73.39 3.77
38.67 73.40 3.78
38.70 73.41 3.77
38.77 73.42 3.27
38.79 73.43 2.99
38.89 73.42 0.96
38.92 73.41 0.44
38.94 73.40 0.16
38.96 73.39 0.02
38.98 73.38 -0.08
39.01 73.37 -0.13
39.03 73.36 -0.13
39.04 73.35 -0.13
39.13 73.31 -0.25
39.15 73.30 -0.28
39.17 73.29 -0.31
39.20 73.28 -0.36
39.23 73.27 -0.49
39.24 73.26 -0.65
39.25 73.25 -0.78
39.26 73.24 -0.93
39.34 73.19 -3.29
39.35 73.18 -3.50
39.37 73.15 -4.21
39.38 73.14 -4.56
39.39 73.13 -4.94
39.40 73.12 -5.20
39.41 73.11 -5.30
39.42 73.09 -5.48
39.43 73.08 -5.50
39.44 73.04 -5.53
39.45 73.03 -5.48
39.46 73.01 -5.34
39.48 73.00 -5.01
39.49 72.99 -4.71
39.50 72.98 -4.42
39.51 72.97 -4.27
39.52 72.94 -3.79
39.53 72.93 -3.63
39.54 72.90 -3.05
39.60 72.88 -1.43
39.61 72.87 -1.32
39.62 72.85 -1.09
39.68 72.84 -0.90
39.69 72.83 -0.95
39.70 72.81 -1.10
39.78 72.76 -2.70
39.79 72.75 -2.90
39.81 72.73 -3.42
39.82 72.72 -3.80
39.84 72.71 -4.23
39.84 72.70 -4.50
39.85 72.69 -4.70
39.86 72.67 -5.09
39.87 72.66 -5.26
39.88 72.64 -5.60
39.89 72.63 -5.82
39.90 72.61 -6.26
39.91 72.60 -6.55
39.93 72.58 -7.07
39.93 72.57 -7.28
39.94 72.55 -7.65
39.95 72.54 -7.78
39.96 72.51 -8.19
39.97 72.50 -8.32
39.98 72.47 -8.70
39.99 72.46 -8.82
40.00 72.43 -9.18
40.01 72.42 -9.28
40.02 72.39 -9.57
40.02 72.38 -9.63
40.04 72.34 -9.86
40.05 72.33 -9.90
40.06 72.29 -10.04
40.07 72.28 -10.06
40.08 72.25 -10.12
40.08 72.24 -10.12
40.10 72.20 -10.15
40.11 72.19 -10.15
40.12 72.16 -10.15
40.12 72.15 -10.15
40.14 72.11 -10.16
40.15 72.10 -10.17
40.16 72.07 -10.20
40.16 72.06 -10.23
40.18 72.02 -10.32
40.19 72.01 -10.35
40.20 71.97 -10.48
40.21 71.96 -10.52
40.22 71.93 -10.64
40.22 71.92 -10.68
40.24 71.88 -10.85
40.25 71.87 -10.90
40.26 71.83 -11.07
40.27 71.82 -11.10
40.28 71.78 -11.24
40.29 71.77 -11.26
40.30 71.73 -11.34
40.31 71.72 -11.36
40.32 71.68 -11.39
40.33 71.67 -11.39
40.34 71.63 -11.37
40.34 71.62 -11.36
40.36 71.58 -11.29
40.37 71.57 -11.26
40.38 71.53 -11.14
40.39 71.52 -11.10
40.40 71.48 -10.95
40.41 71.47 -10.91
40.42 71.43 -10.74
40.43 71.42 -10.69
40.44 71.38 -10.51
40.45 71.37 -10.47
40.46 71.34 -10.34
40.46 71.33 -10.30
40.48 71.29 -10.15
40.49 71.28 -10.12
40.50 71.25 -10.03
40.51 71.24 -10.01
40.52 71.20 -9.94
40.53 71.19 -9.93
40.54 71.15 -9.90
40.55 71.14 -9.90
40.56 71.11 -9.89
40.57 71.10 -9.88
40.58 71.07 -9.88
40.59 71.06 -9.87
40.60 71.03 -9.86
40.60 71.02 -9.86
40.62 70.98 -9.83
40.62 70.97 -9.82
40.64 70.92 -9.75
40.65 70.91 -9.72
40.66 70.88 -9.65
40.67 70.87 -9.62
40.68 70.85 -9.55
40.69 70.84 -9.53
40.70 70.80 -9.41
40.71 70.79 -9.38
40.72 70.75 -9.28
40.73 70.74 -9.25
40.74 70.71 -9.16
40.75 70.70 -9.13
40.76 70.67 -9.02
40.77 70.66 -8.99
40.78 70.64 -8.93
40.78 70.63 -8.91
40.80 70.59 -8.82
40.81 70.58 -8.79
40.82 70.54 -8.71
40.83 70.53 -8.68
40.85 70.50 -8.60
40.85 70.49 -8.58
40.86 70.47 -8.54
40.87 70.46 -8.53
40.88 70.43 -8.49
40.89 70.42 -8.49
40.90 70.38 -8.47
40.91 70.37 -8.47
40.92 70.34 -8.48
40.93 70.33 -8.49
40.94 70.31 -8.50
40.95 70.30 -8.51
40.96 70.27 -8.53
40.97 70.26 -8.53
40.98 70.23 -8.54
40.99 70.22 -8.54
41.00 70.19 -8.54
41.01 70.18 -8.55
41.02 70.14 -8.55
41.03 70.13 -8.56
41.04 70.10 -8.60
41.05 70.09 -8.63
41.06 70.06 -8.74
41.07 70.05 -8.80
41.08 70.03 -8.94
41.09 70.02 -9.04
41.10 69.99 -9.36
41.10 69.98 -9.49
41.12 69.94 -10.02
41.13 69.93 -10.19
41.14 69.89 -10.89
41.15 69.88 -11.13
41.16 69.85 -11.84
41.17 69.84 -12.10
41.18 69.81 -12.88
41.18 69.80 -13.06
41.20 69.74 -14.07
41.21 69.73 -14.20
41.22 69.67 -14.97
41.22 69.66 -15.08
41.24 69.60 -15.71
41.24 69.59 -15.79
41.26 69.52 -16.28
41.27 69.51 -16.32
41.28 69.45 -16.56
41.28 69.44 -16.58
41.30 69.38 -16.65
41.31 69.37 -16.65
41.32 69.31 -16.59
41.33 69.30 -16.56
41.34 69.24 -16.44
41.35 69.23 -16.41
41.36 69.17 -16.26
41.36 69.16 -16.24
41.38 69.10 -16.09
41.38 69.09 -16.07
41.40 69.03 -15.95
41.41 69.02 -15.94
41.42 68.96 -15.85
41.43 68.95 -15.84
41.44 68.89 -15.76
41.45 68.88 -15.75
41.46 68.82 -15.68
41.47 68.81 -15.67
41.48 68.76 -15.60
41.48 68.75 -15.59
41.50 68.69 -15.50
41.51 68.68 -15.49
41.52 68.63 -15.41
41.52 68.62 -15.40
41.54 68.56 -15.31
41.54 68.55 -15.30
41.56 68.49 -15.22
41.56 68.48 -15.21
41.58 68.42 -15.16
41.59 68.41 -15.15
41.60 68.36 -15.12
41.60 68.35 -15.11
41.62 68.29 -15.09
41.63 68.28 -15.08
41.64 68.23 -15.06
41.64 68.22 -15.06
41.66 68.16 -15.03
41.66 68.15 -15.02
41.68 68.09 -14.98
41.69 68.08 -14.98
41.70 68.03 -14.93
41.70 68.02 -14.92
41.72 67.96 -14.86
41.73 67.95 -14.85
41.74 67.90 -14.80
41.74 67.89 -14.79
41.76 67.83 -14.72
41.76 67.82 -14.71
41.78 67.77 -14.65
41.78 67.76 -14.64
41.80 67.70 -14.57
41.81 67.69 -14.56
41.82 67.64 -14.50
41.82 67.63 -14.49
41.84 67.57 -14.42
41.85 67.56 -14.41
41.86 67.51 -14.34
41.86 67.50 -14.33
41.88 67.44 -14.25
41.89 67.43 -14.24
41.90 67.38 -14.17
41.91 67.37 -14.15
41.92 67.32 -14.09
41.92 67.31 -14.07
41.94 67.26 -14.01
41.94 67.25 -14.00
41.96 67.19 -13.94
41.97 67.18 -13.94
41.98 67.13 -13.90
41.98 67.12 -13.90
42.00 67.07 -13.88
42.00 67.06 -13.89
42.02 67.01 -13.89
42.02 67.00 -13.90
42.04 66.94 -13.93
42.05 66.93 -13.94
42.06 66.88 -13.99
42.07 66.87 -14.01
42.08 66.82 -14.07
42.08 66.81 -14.09
42.10 66.76 -14.17
42.10 66.75 -14.19
42.12 66.69 -14.29
42.13 66.68 -14.30
42.14 66.63 -14.39
42.14 66.62 -14.40
42.16 66.56 -14.49
42.16 66.55 -14.50
42.18 66.50 -14.55
42.18 66.49 -14.56
42.20 66.43 -14.60
42.20 66.42 -14.60
42.22 66.36 -14.60
42.23 66.35 -14.60
42.24 66.30 -14.58
42.24 66.29 -14.57
42.26 66.23 -14.52
42.27 66.22 -14.51
42.28 66.17 -14.45
42.28 66.16 -14.44
42.30 66.10 -14.35
42.30 66.09 -14.34
42.32 66.04 -14.26
42.32 66.03 -14.25
42.34 65.97 -14.16
42.35 65.96 -14.15
42.36 65.91 -14.08
42.36 65.90 -14.06
42.38 65.84 -13.98
42.39 65.83 -13.97
42.40 65.78 -13.92
42.40 65.77 -13.91
42.42 65.72 -13.85
42.42 65.71 -13.85
42.44 65.65 -13.80
42.45 65.64 -13.79
42.46 65.59 -13.75
42.47 65.58 -13.75
42.48 65.53 -13.72
42.48 65.52 -13.71
42.50 65.47 -13.68
42.50 65.46 -13.68
42.52 65.40 -13.65
42.53 65.39 -13.64
42.54 65.34 -13.62
42.54 65.33 -13.61
42.56 65.28 -13.59
42.56 65.27 -13.58
42.58 65.21 -13.55
42.59 65.20 -13.54
42.60 65.15 -13.51
42.61 65.14 -13.50
42.62 65.09 -13.47
42.62 65.08 -13.46
42.64 65.03 -13.43
42.64 65.02 -13.43
42.66 64.97 -13.40
42.66 64.96 -13.39
42.68 64.90 -13.36
42.69 64.89 -13.36
42.70 64.84 -13.33
42.71 64.83 -13.33
42.72 64.78 -13.31
42.72 64.77 -13.30
42.74 64.72 -13.28
42.74 64.71 -13.28
42.76 64.66 -13.26
42.76 64.65 -13.25
42.78 64.60 -13.22
42.78 64.59 -13.22
42.80 64.53 -13.18
42.81 64.52 -13.18
42.82 64.47 -13.14
42.83 64.46 -13.13
42.84 64.41 -13.10
42.85 64.40 -13.09
42.86 64.35 -13.05
42.86 64.34 -13.04
42.88 64.29 -12.99
42.88 64.28 -12.98
42.90 64.23 -12.93
42.90 64.22 -12.92
42.92 64.17 -12.86
42.92 64.16 -12.85
42.94 64.11 -12.79
42.94 64.10 -12.78
42.96 64.05 -12.72
42.96 64.04 -12.71
42.98 63.99 -12.64
42.98 63.98 -12.63
43.00 63.93 -12.55
43.00 63.92 -12.54
43.02 63.87 -12.46
43.02 63.86 -12.44
43.04 63.81 -12.35
43.04 63.80 -12.33
43.06 63.75 -12.24
43.07 63.74 -12.21
43.08 63.69 -12.10
43.09 63.68 -12.07
43.10 63.64 -11.97
43.10 63.63 -11.95
43.12 63.58 -11.80
43.12 63.57 -11.77
43.14 63.52 -11.61
43.15 63.51 -11.57
43.16 63.47 -11.42
43.16 63.46 -11.38
43.18 63.41 -11.18
43.19 63.40 -11.14
43.20 63.36 -10.97
43.20 63.35 -10.92
43.22 63.31 -10.74
43.22 63.30 -10.70
43.24 63.25 -10.47
43.25 63.24 -10.42
43.26 63.20 -10.24
43.27 63.19 -10.20
43.28 63.15 -10.02
43.29 63.14 -9.97
43.30 63.10 -9.80
43.31 63.09 -9.76
43.32 63.06 -9.64
43.32 63.05 -9.60
43.34 63.01 -9.45
43.35 63.00 -9.41
43.36 62.96 -9.27
43.37 62.95 -9.23
43.38 62.92 -9.13
43.38 62.91 -9.10
43.40 62.87 -8.96
43.41 62.86 -8.93
43.42 62.83 -8.83
43.42 62.82 -8.80
43.44 62.78 -8.66
43.45 62.77 -8.63
43.46 62.74 -8.53
43.47 62.73 -8.49
43.48 62.69 -8.35
43.49 62.68 -8.31
43.50 62.65 -8.21
43.51 62.64 -8.17
43.52 62.61 -8.06
43.53 62.60 -8.02
43.54 62.57 -7.91
43.55 62.56 -7.87
43.56 62.53 -7.76
43.57 62.52 -7.73
43.58 62.49 -7.62
43.59 62.48 -7.59
43.60 62.45 -7.49
43.61 62.44 -7.46
43.62 62.41 -7.37
43.63 62.40 -7.34
43.64 62.37 -7.26
43.65 62.36 -7.24
43.67 62.33 -7.17
43.67 62.32 -7.15
43.68 62.30 -7.12
43.69 62.29 -7.10
43.70 62.26 -7.06
43.71 62.25 -7.04
43.72 62.22 -7.01
43.73 62.21 -7.00
43.74 62.19 -6.99
43.75 62.18 -6.98
43.76 62.15 -6.97
43.77 62.14 -6.97
43.78 62.11 -6.96
43.79 62.10 -6.96
43.81 62.07 -6.95
43.81 62.06 -6.95
43.82 62.04 -6.95
43.83 62.03 -6.95
43.84 62.00 -6.95
43.85 61.99 -6.95
43.86 61.96 -6.95
43.87 61.95 -6.95
43.88 61.93 -6.96
43.89 61.92 -6.96
43.90 61.89 -6.96
43.91 61.88 -6.96
43.92 61.85 -6.96
43.93 61.84 -6.96
43.94 61.82 -6.96
43.95 61.81 -6.96
43.96 61.78 -6.96
43.97 61.77 -6.96
43.98 61.74 -6.96
43.99 61.73 -6.95
44.01 61.70 -6.95
44.01 61.69 -6.95
44.02 61.67 -6.94
44.03 61.66 -6.94
44.04 61.63 -6.93
44.05 61.62 -6.93
44.06 61.59 -6.92
44.07 61.58 -6.92
44.08 61.56 -6.91
44.09 61.55 -6.91
44.10 61.52 -6.90
44.11 61.51 -6.90
44.12 61.48 -6.90
44.13 61.47 -6.90
44.14 61.45 -6.89
44.15 61.44 -6.89
44.16 61.41 -6.89
44.17 61.40 -6.89
44.18 61.37 -6.88
44.19 61.36 -6.88
44.20 61.34 -6.88
44.21 61.33 -6.87
44.22 61.30 -6.87
44.23 61.29 -6.86
44.24 61.26 -6.86
44.25 61.25 -6.85
44.26 61.22 -6.84
44.27 61.21 -6.84
44.28 61.19 -6.84
44.29 61.18 -6.83
44.30 61.15 -6.83
44.31 61.14 -6.83
44.32 61.11 -6.82
44.33 61.10 -6.82
44.34 61.08 -6.81
44.35 61.07 -6.81
44.36 61.04 -6.81
44.37 61.03 -6.80
44.38 61.00 -6.80
44.39 60.99 -6.80
44.40 60.97 -6.79
44.41 60.96 -6.79
44.42 60.93 -6.78
44.43 60.92 -6.78
44.44 60.89 -6.77
44.45 60.88 -6.77
44.46 60.86 -6.76
44.47 60.85 -6.76
44.48 60.82 -6.75
44.49 60.81 -6.75
44.50 60.78 -6.74
44.51 60.77 -6.74
44.52 60.75 -6.74
44.53 60.74 -6.74
44.54 60.71 -6.74
44.55 60.70 -6.74
44.56 60.67 -6.73
44.57 60.66 -6.73
44.58 60.64 -6.73
44.59 60.63 -6.73
44.60 60.60 -6.73
44.61 60.59 -6.73
44.63 60.56 -6.72
44.63 60.55 -6.72
44.64 60.53 -6.72
44.65 60.52 -6.72
44.66 60.49 -6.71
44.67 60.48 -6.71
44.69 60.45 -6.71
44.69 60.44 -6.71
44.70 60.42 -6.70
44.71 60.41 -6.70
44.72 60.38 -6.70
44.73 60.37 -6.70
44.75 60.34 -6.70
44.75 60.33 -6.70
44.76 60.31 -6.69
44.77 60.30 -6.69
44.78 60.27 -6.69
44.79 60.26 -6.69
44.80 60.24 -6.69
44.81 60.23 -6.69
44.82 60.20 -6.69
44.83 60.19 -6.69
44.84 60.16 -6.69
44.85 60.15 -6.69
44.86 60.13 -6.69
44.87 60.12 -6.69
44.88 60.09 -6.69
44.89 60.08 -6.69
44.90 60.05 -6.68
44.91 60.04 -6.68
44.92 60.02 -6.68
44.93 60.01 -6.68
44.94 59.98 -6.68
44.95 59.97 -6.68
44.96 59.94 -6.67
44.97 59.93 -6.67
44.98 59.91 -6.66
44.99 59.90 -6.66
45.00 59.87 -6.65
45.01 59.86 -6.65
45.02 59.83 -6.65
45.03 59.82 -6.64
45.04 59.80 -6.64
45.05 59.79 -6.64
45.06 59.76 -6.63
45.07 59.75 -6.63
45.08 59.72 -6.63
45.09 59.71 -6.63
45.10 59.69 -6.63
45.11 59.68 -6.63
45.12 59.65 -6.63
45.13 59.64 -6.63
45.15 59.61 -6.62
45.15 59.60 -6.62
45.16 59.58 -6.62
45.17 59.57 -6.62
45.18 59.54 -6.62
45.19 59.53 -6.62
45.21 59.50 -6.62
45.21 59.49 -6.61
45.22 59.47 -6.61
45.23 59.46 -6.61
45.24 59.43 -6.60
45.25 59.42 -6.60
45.26 59.40 -6.60
45.27 59.39 -6.59
45.28 59.36 -6.59
45.29 59.35 -6.59
45.30 59.32 -6.58
45.31 59.31 -6.58
45.32 59.29 -6.57
45.33 59.28 -6.57
45.34 59.25 -6.56
45.35 59.24 -6.56
45.36 59.21 -6.55
45.37 59.20 -6.55
45.38 59.18 -6.55
45.39 59.17 -6.54
45.40 59.14 -6.54
45.41 59.13 -6.54
45.43 59.10 -6.53
45.43 59.09 -6.53
45.44 59.07 -6.52
45.45 59.06 -6.52
45.46 59.03 -6.52
45.47 59.02 -6.52
45.48 59.00 -6.51
45.49 58.99 -6.51
45.50 58.96 -6.51
45.51 58.95 -6.51
45.52 58.92 -6.51
45.53 58.91 -6.51
45.54 58.89 -6.51
45.55 58.88 -6.51
45.56 58.85 -6.51
45.57 58.84 -6.51
45.59 58.81 -6.51
45.59 58.80 -6.50
45.60 58.78 -6.50
45.61 58.77 -6.50
45.62 58.74 -6.50
45.63 58.73 -6.50
45.64 58.71 -6.50
45.65 58.70 -6.50
45.66 58.67 -6.49
45.67 58.66 -6.49
45.68 58.63 -6.49
45.69 58.62 -6.49
45.70 58.60 -6.49
45.71 58.59 -6.48
45.72 58.56 -6.48
45.73 58.55 -6.48
45.75 58.52 -6.47
45.75 58.51 -6.47
45.76 58.49 -6.47
45.77 58.48 -6.47
45.78 58.45 -6.47
45.79 58.44 -6.47
45.81 58.41 -6.46
45.81 58.40 -6.46
45.82 58.38 -6.46
45.83 58.37 -6.46
45.84 58.34 -6.45
45.85 58.33 -6.45
45.86 58.31 -6.45
45.87 58.30 -6.45
45.88 58.27 -6.45
45.89 58.26 -6.45
45.91 58.23 -6.44
45.91 58.22 -6.44
45.92 58.20 -6.43
45.93 58.19 -6.43
45.94 58.16 -6.43
45.95 58.15 -6.42
45.97 58.12 -6.42
45.97 58.11 -6.41
45.98 58.09 -6.41
45.99 58.08 -6.40
46.00 58.05 -6.39
46.01 58.04 -6.39
46.02 58.02 -6.39
46.03 58.01 -6.38
46.04 57.98 -6.38
46.05 57.97 -6.37
46.06 57.95 -6.37
46.07 57.94 -6.37
46.08 57.91 -6.36
46.09 57.90 -6.36
46.10 57.87 -6.36
46.11 57.86 -6.35
46.12 57.84 -6.35
46.13 57.83 -6.35
46.14 57.80 -6.35
46.15 57.79 -6.35
46.17 57.76 -6.34
46.17 57.75 -6.34
46.18 57.73 -6.34
46.19 57.72 -6.34
46.20 57.69 -6.33
46.21 57.68 -6.33
46.22 57.66 -6.33
46.23 57.65 -6.33
46.24 57.62 -6.32
46.25 57.61 -6.32
46.27 57.58 -6.31
46.27 57.57 -6.31
46.28 57.55 -6.31
46.29 57.54 -6.31
46.30 57.51 -6.30
46.31 57.50 -6.30
46.32 57.48 -6.29
46.33 57.47 -6.29
46.34 57.44 -6.29
46.35 57.43 -6.29
46.36 57.41 -6.28
46.37 57.40 -6.28
46.38 57.37 -6.28
46.39 57.36 -6.28
46.41 57.33 -6.27
46.41 57.32 -6.27
46.42 57.30 -6.27
46.43 57.29 -6.27
46.44 57.26 -6.27
46.45 57.25 -6.27
46.46 57.23 -6.26
46.47 57.22 -6.26
46.48 57.19 -6.26
46.49 57.18 -6.26
46.51 57.15 -6.25
46.51 57.14 -6.25
46.52 57.12 -6.25
46.53 57.11 -6.25
46.54 57.08 -6.24
46.55 57.07 -6.24
46.56 57.05 -6.24
46.57 57.04 -6.24
46.58 57.01 -6.24
46.59 57.00 -6.24
46.60 56.98 -6.24
46.61 56.97 -6.24
46.62 56.94 -6.24
46.63 56.93 -6.24
46.65 56.90 -6.25
46.65 56.89 -6.25
46.66 56.87 -6.25
46.67 56.86 -6.25
46.68 56.83 -6.25
46.69 56.82 -6.25
46.70 56.80 -6.25
46.71 56.79 -6.25
46.72 56.76 -6.24
46.73 56.75 -6.24
46.75 56.72 -6.24
46.75 56.71 -6.23
46.76 56.69 -6.23
46.77 56.68 -6.23
46.78 56.65 -6.22
46.79 56.64 -6.22
46.80 56.62 -6.22
46.81 56.61 -6.22
46.82 56.58 -6.21
46.83 56.57 -6.21
46.84 56.55 -6.21
46.85 56.54 -6.21
46.86 56.51 -6.21
46.87 56.50 -6.21
46.88 56.47 -6.21
46.89 56.46 -6.21
46.90 56.44 -6.21
46.91 56.43 -6.21
46.92 56.40 -6.21
46.93 56.39 -6.20
46.94 56.37 -6.20
46.95 56.36 -6.20
46.96 56.33 -6.20
46.97 56.32 -6.20
46.98 56.29 -6.19
46.99 56.28 -6.19
47.00 56.26 -6.19
47.01 56.25 -6.19
47.02 56.22 -6.18
47.03 56.21 -6.18
47.04 56.19 -6.18
47.05 56.18 -6.18
47.06 56.15 -6.18
47.07 56.14 -6.18
47.09 56.11 -6.18
47.09 56.10 -6.18
47.10 56.08 -6.17
47.11 56.07 -6.17
47.12 56.04 -6.17
47.13 56.03 -6.17
47.14 56.01 -6.17
47.15 56.00 -6.16
47.16 55.97 -6.16
47.17 55.96 -6.16
47.19 55.93 -6.16
47.19 55.92 -6.16
47.20 55.90 -6.15
47.21 55.89 -6.15
47.22 55.86 -6.15
47.23 55.85 -6.15
47.24 55.83 -6.15
47.25 55.82 -6.15
47.26 55.79 -6.15
47.27 55.78 -6.14
47.29 55.75 -6.14
47.29 55.74 -6.14
47.30 55.72 -6.14
47.31 55.71 -6.13
47.32 55.68 -6.13
47.33 55.67 -6.13
47.34 55.65 -6.12
47.35 55.64 -6.12
47.36 55.61 -6.11
47.37 55.60 -6.11
47.38 55.58 -6.10
47.39 55.57 -6.10
47.40 55.54 -6.09
47.41 55.53 -6.09
47.43 55.50 -6.09
47.43 55.49 -6.08
47.44 55.47 -6.08
47.45 55.46 -6.08
47.46 55.43 -6.07
47.47 55.42 -6.07
47.48 55.40 -6.07
47.49 55.39 -6.07
47.50 55.36 -6.06
47.51 55.35 -6.06
47.52 55.33 -6.06
47.53 55.32 -6.06
47.54 55.29 -6.05
47.55 55.28 -6.05
47.56 55.26 -6.05
47.57 55.25 -6.05
47.58 55.22 -6.05
47.59 55.21 -6.05
47.60 55.18 -6.04
47.61 55.17 -6.04
47.62 55.15 -6.04
47.63 55.14 -6.04
47.64 55.11 -6.03
47.65 55.10 -6.03
47.66 55.08 -6.03
47.67 55.07 -6.03
47.68 55.04 -6.02
47.69 55.03 -6.02
47.70 55.01 -6.01
47.71 55.00 -6.01
47.72 54.97 -6.01
47.73 54.96 -6.01
47.75 54.93 -6.00
47.75 54.92 -6.00
47.76 54.90 -6.00
47.77 54.89 -6.00
47.78 54.86 -6.00
47.79 54.85 -6.00
47.80 54.83 -5.99
47.81 54.82 -5.99
47.82 54.79 -5.99
47.83 54.78 -5.99
47.84 54.76 -5.98
47.85 54.75 -5.98
47.86 54.72 -5.98
47.87 54.71 -5.97
47.89 54.68 -5.97
47.89 54.67 -5.97
47.90 54.65 -5.96
47.91 54.64 -5.96
47.92 54.61 -5.96
47.93 54.60 -5.95
47.94 54.58 -5.95
47.95 54.57 -5.95
47.96 54.54 -5.95
47.97 54.53 -5.94
47.98 54.51 -5.94
47.99 54.50 -5.94
48.00 54.47 -5.94
48.01 54.46 -5.94
48.02 54.44 -5.93
48.03 54.43 -5.93
48.04 54.40 -5.93
48.05 54.39 -5.93
48.06 54.37 -5.93
48.07 54.36 -5.92
48.08 54.33 -5.92
48.09 54.32 -5.92
48.11 54.29 -5.92
48.11 54.28 -5.92
48.12 54.26 -5.91
48.13 54.25 -5.91
48.15 54.22 -5.91
48.15 54.21 -5.91
48.16 54.19 -5.91
48.17 54.18 -5.91
48.18 54.15 -5.90
48.19 54.14 -5.90
48.20 54.12 -5.90
48.21 54.11 -5.90
48.22 54.08 -5.89
48.23 54.07 -5.89
48.24 54.05 -5.89
48.25 54.04 -5.88
48.26 54.01 -5.88
48.27 54.00 -5.87
48.28 53.98 -5.87
48.29 53.97 -5.87
48.30 53.94 -5.86
48.31 53.93 -5.86
48.32 53.91 -5.86
48.33 53.90 -5.86
48.34 53.87 -5.86
48.35 53.86 -5.85
48.37 53.83 -5.85
48.37 53.82 -5.85
48.38 53.80 -5.85
48.39 53.79 -5.85
48.40 53.76 -5.84
48.41 53.75 -5.84
48.42 53.73 -5.84
48.43 53.72 -5.84
48.44 53.69 -5.83
48.45 53.68 -5.83
48.46 53.66 -5.82
48.47 53.65 -5.82
48.48 53.62 -5.81
48.49 53.61 -5.81
48.50 53.59 -5.81
48.51 53.58 -5.80
48.52 53.55 -5.80
48.53 53.54 -5.80
48.54 53.52 -5.79
48.55 53.51 -5.79
48.56 53.48 -5.79
48.57 53.47 -5.79
48.58 53.45 -5.79
48.59 53.44 -5.79
48.60 53.41 -5.78
48.61 53.40 -5.78
48.62 53.38 -5.78
48.63 53.37 -5.78
48.64 53.34 -5.77
48.65 53.33 -5.77
48.66 53.31 -5.77
48.67 53.30 -5.77
48.68 53.27 -5.76
48.69 53.26 -5.76
48.70 53.24 -5.76
48.71 53.23 -5.76
48.72 53.20 -5.75
48.73 53.19 -5.75
48.74 53.17 -5.75
48.75 53.16 -5.75
48.76 53.13 -5.74
48.77 53.12 -5.74
48.79 53.09 -5.73
48.79 53.08 -5.73
48.80 53.06 -5.73
48.81 53.05 -5.72
48.83 53.02 -5.72
48.83 53.01 -5.72
48.84 52.99 -5.71
48.85 52.98 -5.71
48.87 52.95 -5.70
48.87 52.94 -5.70
48.88 52.92 -5.70
48.89 52.91 -5.70
48.90 52.89 -5.70
48.91 52.88 -5.69
48.92 52.85 -5.69
48.93 52.84 -5.69
48.94 52.82 -5.69
48.95 52.81 -5.69
48.96 52.78 -5.68
48.97 52.77 -5.68
48.99 52.74 -5.68
48.99 52.73 -5.67
49.00 52.71 -5.67
49.01 52.70 -5.67
49.03 52.67 -5.67
49.03 52.66 -5.67
49.04 52.64 -5.66
49.05 52.63 -5.66
49.06 52.61 -5.66
49.07 52.60 -5.66
49.08 52.57 -5.66
49.09 52.56 -5.66
49.10 52.54 -5.66
49.11 52.53 -5.66
49.12 52.50 -5.65
49.13 52.49 -5.65
49.14 52.47 -5.65
49.15 52.46 -5.65
49.16 52.43 -5.64
49.17 52.42 -5.64
49.18 52.40 -5.63
49.19 52.39 -5.63
49.20 52.36 -5.63
49.21 52.35 -5.62
49.22 52.33 -5.62
49.23 52.32 -5.62
49.24 52.29 -5.61
49.25 52.28 -5.61
49.26 52.26 -5.60
49.27 52.25 -5.60
49.28 52.22 -5.60
49.29 52.21 -5.60
49.30 52.19 -5.59
49.31 52.18 -5.59
49.32 52.15 -5.59
49.33 52.14 -5.59
49.34 52.12 -5.59
49.35 52.11 -5.58
49.36 52.08 -5.58
49.37 52.07 -5.58
49.38 52.05 -5.57
49.39 52.04 -5.57
49.40 52.01 -5.56
49.41 52.00 -5.56
49.42 51.98 -5.56
49.43 51.97 -5.55
49.44 51.94 -5.55
49.45 51.93 -5.55
49.46 51.91 -5.54
49.47 51.90 -5.54
49.49 51.87 -5.54
49.49 51.86 -5.54
49.50 51.84 -5.53
49.51 51.83 -5.53
49.53 51.80 -5.53
49.53 51.79 -5.53
49.54 51.77 -5.53
49.55 51.76 -5.53
49.56 51.74 -5.53
49.57 51.73 -5.53
49.58 51.70 -5.53
49.59 51.69 -5.53
49.60 51.67 -5.53
49.61 51.66 -5.53
49.62 51.63 -5.53
49.63 51.62 -5.52
49.64 51.60 -5.52
49.65 51.59 -5.52
49.66 51.56 -5.52
49.67 51.55 -5.52
49.68 51.53 -5.52
49.69 51.52 -5.51
49.70 51.49 -5.51
49.71 51.48 -5.51
49.72 51.46 -5.51
49.73 51.45 -5.51
49.74 51.42 -5.51
49.75 51.41 -5.51
49.76 51.39 -5.51
49.77 51.38 -5.51
49.78 51.35 -5.51
49.79 51.34 -5.51
49.80 51.32 -5.51
49.81 51.31 -5.51
49.83 51.28 -5.51
49.83 51.27 -5.51
49.84 51.25 -5.50
49.85 51.24 -5.50
49.87 51.21 -5.49
49.87 51.20 -5.49
49.88 51.18 -5.49
49.89 51.17 -5.49
49.91 51.14 -5.48
49.91 51.13 -5.48
49.92 51.11 -5.48
49.93 51.10 -5.48
49.94 51.08 -5.48
49.95 51.07 -5.48
49.96 51.04 -5.47
49.97 51.03 -5.47
49.98 51.01 -5.47
49.99 51.00 -5.47
50.00 50.97 -5.47
50.01 50.96 -5.47
50.02 50.94 -5.46
50.03 50.93 -5.46
50.04 50.90 -5.46
50.05 50.89 -5.46
50.06 50.87 -5.45
50.07 50.86 -5.45
50.08 50.83 -5.45
50.09 50.82 -5.45
50.10 50.80 -5.45
50.11 50.79 -5.45
50.12 50.76 -5.45
50.13 50.75 -5.45
50.14 50.73 -5.45
50.15 50.72 -5.45
50.17 50.69 -5.45
50.17 50.68 -5.45
50.18 50.66 -5.45
50.19 50.65 -5.45
50.21 50.62 -5.44
50.21 50.61 -5.44
50.22 50.59 -5.44
50.23 50.58 -5.44
50.25 50.55 -5.43
50.25 50.54 -5.43
50.26 50.52 -5.43
50.27 50.51 -5.43
50.28 50.49 -5.42
50.29 50.48 -5.42
50.30 50.45 -5.42
50.31 50.44 -5.41
50.32 50.42 -5.41
50.33 50.41 -5.41
50.34 50.38 -5.41
50.35 50.37 -5.41
50.36 50.35 -5.41
50.37 50.34 -5.41
50.38 50.31 -5.41
50.39 50.30 -5.41
50.40 50.28 -5.40
50.41 50.27 -5.40
50.42 50.24 -5.40
50.43 50.23 -5.40
50.44 50.21 -5.39
50.45 50.20 -5.39
50.46 50.17 -5.38
50.47 50.16 -5.38
50.48 50.14 -5.38
50.49 50.13 -5.38
50.51 50.10 -5.37
50.51 50.09 -5.37
50.52 50.07 -5.36
50.53 50.06 -5.36
50.55 50.03 -5.36
50.55 50.02 -5.36
50.56 50.00 -5.35
50.57 49.99 -5.35
50.58 49.97 -5.35
50.59 49.96 -5.35
50.60 49.93 -5.34
50.61 49.92 -5.34
50.62 49.90 -5.34
50.63 49.89 -5.34
50.64 49.86 -5.34
50.65 49.85 -5.34
50.66 49.83 -5.33
50.67 49.82 -5.33
50.68 49.79 -5.33
50.69 49.78 -5.33
50.70 49.76 -5.33
50.71 49.75 -5.33
50.73 49.72 -5.33
50.73 49.71 -5.32
50.74 49.69 -5.32
50.75 49.68 -5.32
50.77 49.65 -5.32
50.77 49.64 -5.32
50.78 49.62 -5.31
50.79 49.61 -5.31
50.80 49.59 -5.31
50.81 49.58 -5.31
50.82 49.55 -5.30
50.83 49.54 -5.30
50.84 49.52 -5.30
50.85 49.51 -5.30
50.86 49.48 -5.29
50.87 49.47 -5.29
50.88 49.45 -5.29
50.89 49.44 -5.29
50.90 49.41 -5.28
50.91 49.40 -5.28
50.92 49.38 -5.27
50.93 49.37 -5.27
50.95 49.34 -5.27
50.95 49.33 -5.26
50.96 49.31 -5.26
50.97 49.30 -5.26
50.98 49.28 -5.25
50.99 49.27 -5.25
51.00 49.24 -5.25
51.01 49.23 -5.25
51.02 49.21 -5.25
51.03 49.20 -5.25
51.04 49.17 -5.25
51.05 49.16 -5.25
51.06 49.14 -5.25
51.07 49.13 -5.25
51.09 49.10 -5.24
51.09 49.09 -5.24
51.10 49.07 -5.24
51.11 49.06 -5.24
51.13 49.03 -5.23
51.13 49.02 -5.23
51.14 49.00 -5.23
51.15 48.99 -5.22
51.16 48.97 -5.22
51.17 48.96 -5.22
51.18 48.93 -5.21
51.19 48.92 -5.21
51.20 48.90 -5.21
51.21 48.89 -5.21
51.22 48.86 -5.20
51.23 48.85 -5.20
51.24 48.83 -5.20
51.25 48.82 -5.20
51.27 48.79 -5.20
51.27 48.78 -5.19
51.28 48.76 -5.19
51.29 48.75 -5.19
51.30 48.73 -5.18
51.31 48.72 -5.18
51.32 48.69 -5.17
51.33 48.68 -5.17
51.34 48.66 -5.16
51.35 48.65 -5.16
51.36 48.62 -5.16
51.37 48.61 -5.16
51.38 48.59 -5.15
51.39 48.58 -5.15
51.41 48.55 -5.15
51.41 48.54 -5.16
51.42 48.52 -5.16
51.43 48.51 -5.16
51.44 48.49 -5.16
51.45 48.48 -5.16
51.46 48.45 -5.16
51.47 48.44 -5.16
51.48 48.42 -5.15
51.49 48.41 -5.15
51.50 48.38 -5.14
51.51 48.37 -5.13
51.52 48.35 -5.12
51.53 48.34 -5.12
51.55 48.31 -5.11
51.55 48.30 -5.11
51.56 48.28 -5.10
51.57 48.27 -5.10
51.58 48.25 -5.10
51.59 48.24 -5.10
51.60 48.21 -5.10
51.61 48.20 -5.11
51.62 48.18 -5.11
51.63 48.17 -5.11
51.64 48.15 -5.11
51.65 48.14 -5.11
51.66 48.11 -5.10
51.67 48.10 -5.10
51.68 48.08 -5.09
51.69 48.07 -5.09
51.70 48.04 -5.07
51.71 48.03 -5.07
51.72 48.01 -5.06
51.73 48.00 -5.06
51.74 47.97 -5.06
51.75 47.96 -5.06
51.76 47.94 -5.07
51.77 47.93 -5.08
51.78 47.91 -5.09
51.79 47.90 -5.10
51.80 47.87 -5.12
51.81 47.86 -5.12
51.82 47.84 -5.11
51.83 47.83 -5.10
51.85 47.80 -5.04
51.85 47.79 -5.00
51.86 47.77 -4.92
51.87 47.76 -4.86
51.88 47.74 -4.73
51.89 47.73 -4.64
51.90 47.70 -4.36
51.91 47.69 -4.25
51.92 47.67 -4.02
51.93 47.66 -3.89
51.94 47.63 -3.50